1, 0.0669, 0.189, 0.3049, 0.1562, -0.0956, 0.7111, -0.1414, -0.4912, 0.0669, 0.0669, NaN, -0.197, -0.1184, -0.2056, NaN, NaN, 0.2488, 0.2456, -0.2215, 0.0669, -0.1414, 0.2195, NaN, 0.0625, -0.0669, 0.0669, 0.0824, NaN, -0.0669, 0.0669, 0.0669, 0.1716, 0.4357, -0.1033, -0.1024, 0.1184, -0.039, -0.0669, NaN, 0.2343, -0.1232, -0.3987, -0.2875, 0.0625, NaN, -0.1931, 0.1474, 0.173, 0.3795, 0.2633, 0.1232, NaN, -0.1562, -0.0669, 0.1184, 0.17, -0.0898, -0.5466, -0.197
0.0669, 1, -0.0576, 0.0204, -0.0476, 0.0292, 0.0576, 0.0803, -0.1118, -0.0204, -0.0204, NaN, -0.0847, -0.5654, 0.1266, NaN, NaN, -0.0759, 0.0421, -0.0623, -0.0204, -0.2542, 0.3049, NaN, -0.0623, 0.0204, -0.0204, 0.1071, NaN, 0.0204, -0.0204, -0.0204, 0.0891, 0.0292, -0.1025, 0.2542, -0.0361, 0.0576, 0.0204, NaN, -0.0714, 0.0759, -0.1679, -0.0891, -0.0623, NaN, 0.0935, 0.0528, 0.3869, 0.0759, -0.0803, -0.0759, NaN, -0.4286, 0.0204, -0.0361, 0.0292, 0.1548, -0.0714, -0.0847
0.189, -0.0576, 1, 0.0576, 0.0576, -0.2118, 0.1628, -0.0432, -0.3159, -0.0576, -0.0576, NaN, -0.2392, 0.1019, -0.4552, NaN, NaN, -0.0751, 0.119, -0.1761, 0.3541, -0.0432, 0.261, NaN, -0.1761, 0.0576, 0.3541, -0.1777, NaN, 0.0576, -0.0576, -0.0576, -0.2619, 0.0824, -0.1679, -0.0918, 0.1408, 0.1628, 0.0576, NaN, 0.0865, 0.0751, 0.3433, -0.2516, 0.2956, NaN, 0.1384, 0.149, 0.0284, 0.0751, 0.0432, 0.2031, NaN, 0.1345, 0.0576, -0.1019, 0.0824, -0.1411, -0.2017, -0.1078
0.3049, 0.0204, 0.0576, 1, 0.0476, -0.0292, 0.3541, -0.0803, -0.1825, 0.0204, 0.0204, NaN, 0.0847, -0.0361, 0.1612, NaN, NaN, 0.0759, -0.0421, 0.0623, 0.0204, -0.0803, 0.0669, NaN, 0.0623, -0.0204, 0.0204, 0.1905, NaN, -0.0204, 0.0204, 0.0204, 0.2291, 0.6999, 0.1025, 0.0803, 0.0361, -0.0576, -0.0204, NaN, 0.0714, -0.0759, -0.1216, -0.2291, 0.0623, NaN, -0.0935, -0.0528, 0.0528, 0.269, 0.0803, 0.0759, NaN, -0.0476, -0.0204, 0.0361, -0.0292, 0.1319, -0.2857, 0.0847
0.1562, -0.0476, 0.0576, 0.0476, 1, 0.068, 0.1345, -0.1249, -0.1236, -0.0476, -0.0476, NaN, -0.0456, 0.0842, -0.1074, NaN, NaN, -0.177, -0.1474, 0.0364, -0.0476, -0.1249, 0.0174, NaN, -0.1455, -0.4286, 0.4286, -0.3056, NaN, 0.0476, -0.0476, -0.0476, 0.0594, 0.068, 0.183, -0.1873, -0.0842, 0.1345, 0.0476, NaN, 0, 0.0161, -0.1216, 0.0891, -0.1455, NaN, -0.0727, -0.0821, 0.0821, 0.177, -0.1873, -0.0161, NaN, 0.1111, -0.4286, -0.0842, 0.068, -0.3077, 0.3333, 0.2584
-0.0956, 0.0292, -0.2118, -0.0292, 0.068, 1, -0.0824, -0.1147, -0.0505, 0.0292, 0.0292, NaN, 0.121, -0.0516, 0.2303, NaN, NaN, -0.138, -0.0602, -0.1893, -0.6999, -0.1147, -0.17, NaN, 0.0891, -0.0292, 0.0292, 0.0595, NaN, -0.0292, 0.0292, 0.0292, 0.1, -0.0417, 0.1465, 0.1147, 0.0516, -0.0824, -0.0292, NaN, 0.1021, -0.1084, 0.0331, 0.1273, 0.0891, NaN, -0.1336, -0.0754, 0.0754, -0.1084, 0.1147, -0.3844, NaN, 0.2722, -0.0292, -0.3782, -0.0417, 0.1884, 0.1021, 0.121
0.7111, 0.0576, 0.1628, 0.3541, 0.1345, -0.0824, 1, 0.0432, -0.3966, 0.0576, 0.0576, NaN, -0.2865, -0.1019, -0.0093, NaN, NaN, 0.2143, -0.119, -0.1384, 0.0576, -0.0918, 0.189, NaN, -0.1384, -0.0576, 0.0576, -0.0624, NaN, -0.0576, 0.0576, 0.0576, 0.0051, 0.2118, 0.0462, 0.0918, 0.1019, 0.0033, -0.0576, NaN, 0.2017, -0.2143, -0.3433, -0.5186, 0.1761, NaN, -0.0126, -0.149, 0.149, 0.4814, 0.2267, -0.064, NaN, -0.1345, -0.0576, 0.1019, -0.0824, -0.0902, -0.5188, -0.1551
-0.1414, 0.0803, -0.0432, -0.0803, -0.1249, -0.1147, 0.0432, 1, 0.1505, 0.0803, 0.0803, NaN, -0.2007, 0.0552, -0.1208, NaN, NaN, 0.0724, -0.1657, -0.0102, 0.0803, 0.0132, 0.0195, NaN, -0.138, -0.0803, -0.2542, -0.0312, NaN, -0.0803, 0.0803, -0.2542, -0.2461, -0.1147, -0.0909, 0.2061, 0.142, -0.0918, -0.0803, NaN, -0.3044, 0.2668, -0.1936, -0.0668, -0.0102, NaN, 0.1431, -0.0634, -0.0807, -0.1854, -0.0132, -0.1537, NaN, -0.1873, -0.0803, 0.142, -0.1147, 0.3307, 0.1639, 0.0128
-0.4912, -0.1118, -0.3159, -0.1825, -0.1236, -0.0505, -0.3966, 0.1505, 1, -0.1118, 0.1825, NaN, 0.1935, 0.0243, 0.1129, NaN, NaN, -0.2168, -0.2248, 0.4451, -0.1118, 0.247, -0.2595, NaN, 0.4451, -0.1825, -0.1118, 0.2438, NaN, 0.1118, -0.1118, 0.1825, 0.0294, -0.2607, 0.047, -0.054, 0.1492, -0.2779, 0.1118, NaN, -0.0824, 0.3163, -0.0852, 0.4295, -0.2293, NaN, 0.0629, -0.3449, -0.2891, -0.4794, -0.054, -0.0179, NaN, -0.1511, 0.1118, 0.3227, -0.0505, 0.1868, 0.1236, 0.0056
0.0669, -0.0204, -0.0576, 0.0204, -0.0476, 0.0292, 0.0576, 0.0803, -0.1118, 1, -0.0204, NaN, 0.241, 0.0361, 0.1266, NaN, NaN, -0.0759, 0.0421, -0.0623, -0.0204, 0.0803, -0.0669, NaN, -0.0623, 0.0204, -0.0204, 0.1071, NaN, 0.0204, 1, -0.0204, 0.0891, 0.0292, -0.1025, 0.2542, -0.0361, 0.0576, 0.0204, NaN, -0.0714, -0.269, -0.1679, -0.0891, 0.3273, NaN, 0.0935, 0.0528, -0.0528, 0.0759, -0.0803, -0.0759, NaN, 0.0476, 0.0204, -0.0361, 0.0292, 0.1548, -0.0714, -0.0847
0.0669, -0.0204, -0.0576, 0.0204, -0.0476, 0.0292, 0.0576, 0.0803, 0.1825, -0.0204, 1, NaN, -0.0847, 0.0361, -0.1612, NaN, NaN, 0.269, 0.0421, -0.0623, -0.0204, -0.2542, -0.0669, NaN, -0.0623, 0.0204, -0.0204, 0.1071, NaN, 0.0204, -0.0204, -0.0204, 0.0891, 0.0292, 0.199, -0.0803, -0.0361, 0.0576, 0.0204, NaN, -0.0714, 0.0759, -0.1679, -0.0891, -0.0623, NaN, 0.0935, 0.0528, -0.0528, 0.0759, -0.0803, -0.0759, NaN, 0.0476, 0.0204, -0.0361, 0.0292, 0.1548, -0.0714, -0.0847
NaN, NaN, NaN, NaN, NaN, NaN, NaN, NaN, NaN, NaN, NaN, 1, NaN, NaN, NaN, NaN, NaN, NaN, NaN, NaN, NaN, NaN, NaN, NaN, NaN, NaN, NaN, NaN, NaN, NaN, NaN, NaN, NaN, NaN, NaN, NaN, NaN, NaN, NaN, NaN, NaN, NaN, NaN, NaN, NaN, NaN, NaN, NaN, NaN, NaN, NaN, NaN, NaN, NaN, NaN, NaN, NaN, NaN, NaN, NaN
-0.197, -0.0847, -0.2392, 0.0847, -0.0456, 0.121, -0.2865, -0.2007, 0.1935, 0.241, -0.0847, NaN, 1, -0.2342, 0.2498, NaN, NaN, -0.3148, 0.0067, -0.0099, -0.0847, 0.3331, -0.2777, NaN, -0.0099, -0.241, -0.0847, 0.1596, NaN, 0.0847, 0.241, 0.241, 0.3696, -0.1117, 0.0558, -0.2263, -0.1498, 0.2392, 0.0847, NaN, 0.1596, -0.2355, 0.2273, 0.1381, -0.0099, NaN, -0.2089, -0.0617, -0.2189, -0.0154, 0.2007, -0.0947, NaN, 0.1976, 0.0847, -0.1498, 0.121, -0.0897, 0.2736, 0.0644
-0.1184, -0.5654, 0.1019, -0.0361, 0.0842, -0.0516, -0.1019, 0.0552, 0.0243, 0.0361, 0.0361, NaN, -0.2342, 1, 0.1154, NaN, NaN, 0.1342, -0.0745, 0.1103, 0.0361, 0.0552, -0.1008, NaN, -0.1195, -0.0361, 0.0361, -0.1895, NaN, -0.0361, 0.0361, -0.5654, -0.1576, -0.0516, -0.1742, -0.0552, 0.0638, -0.1019, -0.0361, NaN, -0.0842, -0.1342, 0.2969, 0.1576, 0.1103, NaN, 0.0184, -0.0933, -0.1659, -0.1342, -0.0552, 0.1342, NaN, 0.1965, -0.0361, 0.0638, -0.0516, 0.0642, 0.1263, -0.0422
-0.2056, 0.1266, -0.4552, 0.1612, -0.1074, 0.2303, -0.0093, -0.1208, 0.1129, 0.1266, -0.1612, NaN, 0.2498, 0.1154, 1, NaN, NaN, -0.1128, -0.2614, 0.0571, -0.1612, -0.0264, -0.2139, NaN, 0.1671, -0.1266, -0.1612, 0.0907, NaN, 0.1612, 0.1266, -0.1612, 0.4343, 0.0247, -0.1293, 0.0264, -0.285, -0.2415, -0.1266, NaN, 0.141, -0.2762, 0.062, 0.2836, -0.0528, NaN, -0.1407, -0.3273, 0.0794, -0.2762, 0.2151, -0.2101, NaN, 0.1074, 0.1612, -0.285, -0.1809, 0.2522, 0.0403, -0.0257
NaN, NaN, NaN, NaN, NaN, NaN, NaN, NaN, NaN, NaN, NaN, NaN, NaN, NaN, NaN, 1, NaN, NaN, NaN, NaN, NaN, NaN, NaN, NaN, NaN, NaN, NaN, NaN, NaN, NaN, NaN, NaN, NaN, NaN, NaN, NaN, NaN, NaN, NaN, NaN, NaN, NaN, NaN, NaN, NaN, NaN, NaN, NaN, NaN, NaN, NaN, NaN, NaN, NaN, NaN, NaN, NaN, NaN, NaN, NaN
NaN, NaN, NaN, NaN, NaN, NaN, NaN, NaN, NaN, NaN, NaN, NaN, NaN, NaN, NaN, NaN, 1, NaN, NaN, NaN, NaN, NaN, NaN, NaN, NaN, NaN, NaN, NaN, NaN, NaN, NaN, NaN, NaN, NaN, NaN, NaN, NaN, NaN, NaN, NaN, NaN, NaN, NaN, NaN, NaN, NaN, NaN, NaN, NaN, NaN, NaN, NaN, NaN, NaN, NaN, NaN, NaN, NaN, NaN, NaN
0.2488, -0.0759, -0.0751, 0.0759, -0.177, -0.138, 0.2143, 0.0724, -0.2168, -0.0759, 0.269, NaN, -0.3148, 0.1342, -0.1128, NaN, NaN, 1, 0.1566, -0.2318, 0.269, -0.2668, 0.3795, NaN, -0.1001, 0.0759, -0.0759, -0.004, NaN, -0.269, -0.0759, -0.0759, -0.0989, 0.1084, 0.1284, 0.0407, -0.1342, -0.064, 0.0759, NaN, -0.2655, 0.1655, -0.135, -0.2237, -0.1001, NaN, 0.2423, 0.1961, 0.2496, 0.1655, -0.1854, 0.1841, NaN, 0.177, 0.0759, -0.1342, 0.1084, -0.0058, -0.2655, -0.3148
0.2456, 0.0421, 0.119, -0.0421, -0.1474, -0.0602, -0.119, -0.1657, -0.2248, 0.0421, 0.0421, NaN, 0.0067, -0.0745, -0.2614, NaN, NaN, 0.1566, 1, -0.4746, 0.0421, 0.0069, -0.0537, NaN, 0.1287, 0.4845, 0.0421, 0.3932, NaN, -0.0421, 0.0421, 0.0421, 0.3087, -0.0602, -0.2552, -0.3521, 0.0745, -0.119, -0.0421, NaN, 0.1474, 0.0214, -0.1016, 0.1839, 0.1287, NaN, -0.193, 0.5717, -0.118, -0.1566, 0.1657, -0.1993, NaN, -0.0983, -0.0421, 0.0745, 0.316, 0.1242, 0.1474, -0.3294
-0.2215, -0.0623, -0.1761, 0.0623, 0.0364, -0.1893, -0.1384, -0.0102, 0.4451, -0.0623, -0.0623, NaN, -0.0099, 0.1103, 0.0571, NaN, NaN, -0.2318, -0.4746, 1, -0.0623, 0.1175, -0.2045, NaN, 0.1071, -0.3273, -0.0623, -0.0136, NaN, 0.0623, -0.0623, -0.0623, -0.0923, 0.0891, 0.1474, 0.138, 0.1195, 0.0189, -0.3273, NaN, -0.2182, 0.1001, 0.1503, -0.0292, -0.1905, NaN, 0.1667, -0.3425, -0.1612, 0.1001, -0.2453, 0.295, NaN, -0.4001, 0.0623, 0.3492, -0.1893, -0.0744, -0.2182, 0.3632
0.0669, -0.0204, 0.3541, 0.0204, -0.0476, -0.6999, 0.0576, 0.0803, -0.1118, -0.0204, -0.0204, NaN, -0.0847, 0.0361, -0.1612, NaN, NaN, 0.269, 0.0421, -0.0623, 1, 0.0803, 0.3049, NaN, -0.0623, 0.0204, -0.0204, -0.1905, NaN, 0.0204, -0.0204, -0.0204, -0.2291, 0.0292, -0.1025, -0.0803, -0.0361, 0.0576, 0.0204, NaN, -0.0714, 0.0759, 0.1216, -0.0891, -0.0623, NaN, 0.0935, 0.0528, -0.0528, 0.0759, -0.0803, 0.269, NaN, 0.0476, 0.0204, -0.0361, 0.0292, -0.1319, -0.0714, -0.0847
-0.1414, -0.2542, -0.0432, -0.0803, -0.1249, -0.1147, -0.0918, 0.0132, 0.247, 0.0803, -0.2542, NaN, 0.3331, 0.0552, -0.0264, NaN, NaN, -0.2668, 0.0069, 0.1175, 0.0803, 1, -0.2243, NaN, 0.1175, -0.0803, -0.2542, -0.0312, NaN, -0.0803, 0.0803, 0.0803, 0.0668, -0.1147, 0.0079, -0.3421, 0.142, -0.0918, -0.0803, NaN, 0.1639, -0.1854, 0.186, 0.2461, 0.1175, NaN, -0.2657, -0.2075, -0.6571, -0.0724, 0.2061, 0.0724, NaN, -0.0312, -0.0803, 0.142, 0.1243, -0.327, 0.1639, 0.0128
0.2195, 0.3049, 0.261, 0.0669, 0.0174, -0.17, 0.189, 0.0195, -0.2595, -0.0669, -0.0669, NaN, -0.2777, -0.1008, -0.2139, NaN, NaN, 0.3795, -0.0537, -0.2045, 0.3049, -0.2243, 1, NaN, -0.0625, 0.0669, 0.3049, -0.0824, NaN, -0.3049, -0.0669, -0.0669, -0.2875, 0.0956, -0.1165, 0.1024, -0.1184, -0.111, 0.0669, NaN, -0.2343, 0.2488, -0.1287, -0.1762, -0.0625, NaN, 0.1931, 0.173, 0.4678, 0.1232, -0.1414, 0.3795, NaN, -0.0174, 0.0669, -0.1184, 0.0956, -0.0146, -0.2343, -0.2777
NaN, NaN, NaN, NaN, NaN, NaN, NaN, NaN, NaN, NaN, NaN, NaN, NaN, NaN, NaN, NaN, NaN, NaN, NaN, NaN, NaN, NaN, NaN, 1, NaN, NaN, NaN, NaN, NaN, NaN, NaN, NaN, NaN, NaN, NaN, NaN, NaN, NaN, NaN, NaN, NaN, NaN, NaN, NaN, NaN, NaN, NaN, NaN, NaN, NaN, NaN, NaN, NaN, NaN, NaN, NaN, NaN, NaN, NaN, NaN
0.0625, -0.0623, -0.1761, 0.0623, -0.1455, 0.0891, -0.1384, -0.138, 0.4451, -0.0623, -0.0623, NaN, -0.0099, -0.1195, 0.1671, NaN, NaN, -0.1001, 0.1287, 0.1071, -0.0623, 0.1175, -0.0625, NaN, 1, 0.0623, -0.0623, 0.3273, NaN, 0.0623, -0.0623, 0.3273, 0.2722, 0.0891, -0.0829, -0.2453, -0.1103, -0.7673, 0.0623, NaN, 0.3273, 0.2318, -0.2918, 0.5784, -0.1905, NaN, -0.4286, -0.1746, -0.1612, -0.5584, 0.3934, 0.0316, NaN, 0.1455, 0.0623, -0.1103, 0.0891, 0.1445, -0.2182, -0.0099
-0.0669, 0.0204, 0.0576, -0.0204, -0.4286, -0.0292, -0.0576, -0.0803, -0.1825, 0.0204, 0.0204, NaN, -0.241, -0.0361, -0.1266, NaN, NaN, 0.0759, 0.4845, -0.3273, 0.0204, -0.0803, 0.0669, NaN, 0.0623, 1, 0.0204, 0.1905, NaN, -0.0204, 0.0204, 0.0204, -0.0891, -0.0292, -0.199, 0.0803, 0.0361, -0.0576, -0.0204, NaN, 0.0714, -0.0759, -0.1216, 0.0891, 0.0623, NaN, -0.0935, 0.3869, 0.0528, -0.0759, 0.0803, -0.269, NaN, -0.0476, -0.0204, 0.0361, -0.0292, 0.1319, 0.0714, -0.241
0.0669, -0.0204, 0.3541, 0.0204, 0.4286, 0.0292, 0.0576, -0.2542, -0.1118, -0.0204, -0.0204, NaN, -0.0847, 0.0361, -0.1612, NaN, NaN, -0.0759, 0.0421, -0.0623, -0.0204, -0.2542, 0.3049, NaN, -0.0623, 0.0204, 1, 0.1071, NaN, 0.0204, -0.0204, -0.0204, -0.2291, 0.0292, -0.1025, -0.0803, -0.0361, 0.0576, 0.0204, NaN, -0.0714, 0.0759, 0.1216, -0.0891, -0.0623, NaN, 0.0935, 0.0528, 0.3869, 0.0759, -0.0803, -0.0759, NaN, 0.0476, 0.0204, -0.0361, 0.0292, -0.1319, -0.0714, -0.0847
0.0824, 0.1071, -0.1777, 0.1905, -0.3056, 0.0595, -0.0624, -0.0312, 0.2438, 0.1071, 0.1071, NaN, 0.1596, -0.1895, 0.0907, NaN, NaN, -0.004, 0.3932, -0.0136, -0.1905, -0.0312, -0.0824, NaN, 0.3273, 0.1905, 0.1071, 1, NaN, 0.1905, 0.1071, 0.1071, 0.3675, 0.0595, 0.0106, -0.0663, 0.014, -0.1825, -0.1071, NaN, -0.0417, 0.004, -0.3005, 0.1893, 0.2137, NaN, 0.0546, 0.1077, 0.1487, -0.1971, 0.1288, -0.2052, NaN, -0.25, 0.1905, 0.1895, 0.0595, 0.4414, -0.25, -0.2204
NaN, NaN, NaN, NaN, NaN, NaN, NaN, NaN, NaN, NaN, NaN, NaN, NaN, NaN, NaN, NaN, NaN, NaN, NaN, NaN, NaN, NaN, NaN, NaN, NaN, NaN, NaN, NaN, 1, NaN, NaN, NaN, NaN, NaN, NaN, NaN, NaN, NaN, NaN, NaN, NaN, NaN, NaN, NaN, NaN, NaN, NaN, NaN, NaN, NaN, NaN, NaN, NaN, NaN, NaN, NaN, NaN, NaN, NaN, NaN
-0.0669, 0.0204, 0.0576, -0.0204, 0.0476, -0.0292, -0.0576, -0.0803, 0.1118, 0.0204, 0.0204, NaN, 0.0847, -0.0361, 0.1612, NaN, NaN, -0.269, -0.0421, 0.0623, 0.0204, -0.0803, -0.3049, NaN, 0.0623, -0.0204, 0.0204, 0.1905, NaN, 1, 0.0204, 0.0204, 0.2291, -0.0292, 0.1025, 0.0803, 0.0361, 0.3541, -0.0204, NaN, 0.0714, -0.0759, -0.1216, 0.0891, 0.0623, NaN, -0.0935, -0.0528, 0.0528, -0.0759, 0.0803, -0.269, NaN, -0.0476, -0.0204, 0.0361, -0.0292, 0.1319, 0.0714, 0.0847
0.0669, -0.0204, -0.0576, 0.0204, -0.0476, 0.0292, 0.0576, 0.0803, -0.1118, 1, -0.0204, NaN, 0.241, 0.0361, 0.1266, NaN, NaN, -0.0759, 0.0421, -0.0623, -0.0204, 0.0803, -0.0669, NaN, -0.0623, 0.0204, -0.0204, 0.1071, NaN, 0.0204, 1, -0.0204, 0.0891, 0.0292, -0.1025, 0.2542, -0.0361, 0.0576, 0.0204, NaN, -0.0714, -0.269, -0.1679, -0.0891, 0.3273, NaN, 0.0935, 0.0528, -0.0528, 0.0759, -0.0803, -0.0759, NaN, 0.0476, 0.0204, -0.0361, 0.0292, 0.1548, -0.0714, -0.0847
0.0669, -0.0204, -0.0576, 0.0204, -0.0476, 0.0292, 0.0576, -0.2542, 0.1825, -0.0204, -0.0204, NaN, 0.241, -0.5654, -0.1612, NaN, NaN, -0.0759, 0.0421, -0.0623, -0.0204, 0.0803, -0.0669, NaN, 0.3273, 0.0204, -0.0204, 0.1071, NaN, 0.0204, -0.0204, 1, 0.0891, 0.0292, 0.199, -0.0803, -0.0361, 0.0576, 0.0204, NaN, 0.2857, 0.0759, -0.1679, -0.0891, -0.0623, NaN, 0.0935, 0.0528, -0.0528, 0.0759, -0.0803, -0.0759, NaN, 0.0476, 0.0204, -0.0361, 0.0292, -0.1319, -0.0714, -0.0847
0.1716, 0.0891, -0.2619, 0.2291, 0.0594, 0.1, 0.0051, -0.2461, 0.0294, 0.0891, 0.0891, NaN, 0.3696, -0.1576, 0.4343, NaN, NaN, -0.0989, 0.3087, -0.0923, -0.2291, 0.0668, -0.2875, NaN, 0.2722, -0.0891, -0.2291, 0.3675, NaN, 0.2291, 0.0891, 0.0891, 1, 0.1, 0.0715, -0.4839, -0.4051, -0.1232, -0.0891, NaN, 0.0891, -0.1161, -0.1697, 0.2897, 0.1507, NaN, -0.2138, 0.0439, -0.1809, -0.1161, 0.2461, 0.0086, NaN, 0.0891, -0.0891, -0.2176, 0.1, 0.0393, 0.0891, 0.065
0.4357, 0.0292, 0.0824, 0.6999, 0.068, -0.0417, 0.2118, -0.1147, -0.2607, 0.0292, 0.0292, NaN, -0.1117, -0.0516, 0.0247, NaN, NaN, 0.1084, -0.0602, 0.0891, 0.0292, -0.1147, 0.0956, NaN, 0.0891, -0.0292, 0.0292, 0.0595, NaN, -0.0292, 0.0292, 0.0292, 0.1, 1, -0.0689, 0.1147, 0.0516, -0.0824, -0.0292, NaN, 0.1021, -0.1084, -0.1737, -0.1, -0.1893, NaN, -0.1336, -0.0754, 0.0754, 0.138, 0.1147, 0.1084, NaN, -0.068, -0.0292, 0.0516, -0.0417, -0.0164, -0.4082, 0.121
-0.1033, -0.1025, -0.1679, 0.1025, 0.183, 0.1465, 0.0462, -0.0909, 0.047, -0.1025, 0.199, NaN, 0.0558, -0.1742, -0.1293, NaN, NaN, 0.1284, -0.2552, 0.1474, -0.1025, 0.0079, -0.1165, NaN, -0.0829, -0.199, -0.1025, 0.0106, NaN, 0.1025, -0.1025, 0.199, 0.0715, -0.0689, 1, 0.1898, -0.1813, 0.2896, 0.1025, NaN, -0.1478, 0.0754, -0.1591, -0.1655, 0.0322, NaN, 0.0092, -0.1247, 0.1247, 0.3812, -0.2056, -0.0754, NaN, 0.2392, -0.199, -0.1813, -0.0689, -0.1542, 0.0633, 0.3446
-0.1024, 0.2542, -0.0918, 0.0803, -0.1873, 0.1147, 0.0918, 0.2061, -0.054, 0.2542, -0.0803, NaN, -0.2263, -0.0552, 0.0264, NaN, NaN, 0.0407, -0.3521, 0.138, -0.0803, -0.3421, 0.1024, NaN, -0.2453, 0.0803, -0.0803, -0.0663, NaN, 0.0803, 0.2542, -0.0803, -0.4839, 0.1147, 0.1898, 1, 0.2524, 0.2267, 0.0803, NaN, -0.1639, 0.0724, -0.2808, -0.3504, -0.1175, NaN, 0.1635, -0.0807, 0.513, 0.1854, -0.2061, -0.1854, NaN, -0.281, 0.0803, 0.2524, -0.1243, 0.327, -0.1639, -0.0128
0.1184, -0.0361, 0.1408, 0.0361, -0.0842, 0.0516, 0.1019, 0.142, 0.1492, -0.0361, -0.0361, NaN, -0.1498, 0.0638, -0.285, NaN, NaN, -0.1342, 0.0745, 0.1195, -0.0361, 0.142, -0.1184, NaN, -0.1103, 0.0361, -0.0361, 0.014, NaN, 0.0361, -0.0361, -0.0361, -0.4051, 0.0516, -0.1813, 0.2524, 1, 0.1019, 0.0361, NaN, 0.0842, 0.1342, -0.1263, -0.1576, -0.1103, NaN, 0.1654, 0.0933, -0.0933, 0.1342, -0.142, -0.1342, NaN, -0.4772, 0.0361, 0.6454, 0.0516, 0.2737, -0.1263, -0.1498
-0.039, 0.0576, 0.1628, -0.0576, 0.1345, -0.0824, 0.0033, -0.0918, -0.2779, 0.0576, 0.0576, NaN, 0.2392, -0.1019, -0.2415, NaN, NaN, -0.064, -0.119, 0.0189, 0.0576, -0.0918, -0.111, NaN, -0.7673, -0.0576, 0.0576, -0.1825, NaN, 0.3541, 0.0576, 0.0576, -0.1232, -0.0824, 0.2896, 0.2267, 0.1019, 1, -0.0576, NaN, -0.2306, -0.2143, 0.2406, -0.5186, 0.1761, NaN, 0.3648, 0.2058, 0.149, 0.6206, -0.4481, -0.064, NaN, -0.1345, -0.0576, 0.1019, -0.0824, -0.2059, 0.2017, 0.1078
-0.0669, 0.0204, 0.0576, -0.0204, 0.0476, -0.0292, -0.0576, -0.0803, 0.1118, 0.0204, 0.0204, NaN, 0.0847, -0.0361, -0.1266, NaN, NaN, 0.0759, -0.0421, -0.3273, 0.0204, -0.0803, 0.0669, NaN, 0.0623, -0.0204, 0.0204, -0.1071, NaN, -0.0204, 0.0204, 0.0204, -0.0891, -0.0292, 0.1025, 0.0803, 0.0361, -0.0576, 1, NaN, 0.0714, -0.0759, -0.1216, 0.0891, 0.0623, NaN, -0.0935, -0.0528, 0.0528, -0.0759, 0.0803, 0.0759, NaN, 0.4286, -0.0204, 0.0361, -0.0292, -0.1548, 0.0714, 0.0847
NaN, NaN, NaN, NaN, NaN, NaN, NaN, NaN, NaN, NaN, NaN, NaN, NaN, NaN, NaN, NaN, NaN, NaN, NaN, NaN, NaN, NaN, NaN, NaN, NaN, NaN, NaN, NaN, NaN, NaN, NaN, NaN, NaN, NaN, NaN, NaN, NaN, NaN, NaN, 1, NaN, NaN, NaN, NaN, NaN, NaN, NaN, NaN, NaN, NaN, NaN, NaN, NaN, NaN, NaN, NaN, NaN, NaN, NaN, NaN
0.2343, -0.0714, 0.0865, 0.0714, 0, 0.1021, 0.2017, -0.3044, -0.0824, -0.0714, -0.0714, NaN, 0.1596, -0.0842, 0.141, NaN, NaN, -0.2655, 0.1474, -0.2182, -0.0714, 0.1639, -0.2343, NaN, 0.3273, 0.0714, -0.0714, -0.0417, NaN, 0.0714, -0.0714, 0.2857, 0.0891, 0.1021, -0.1478, -0.1639, 0.0842, -0.2306, 0.0714, NaN, 1, -0.2173, -0.081, 0.245, -0.2182, NaN, -0.5455, -0.1231, -0.1846, -0.2173, 0.5385, -0.2655, NaN, 0.1667, 0.0714, -0.1263, 0.1021, 0.0401, -0.125, -0.2964
-0.1232, 0.0759, 0.0751, -0.0759, 0.0161, -0.1084, -0.2143, 0.2668, 0.3163, -0.269, 0.0759, NaN, -0.2355, -0.1342, -0.2762, NaN, NaN, 0.1655, 0.0214, 0.1001, 0.0759, -0.1854, 0.2488, NaN, 0.2318, -0.0759, 0.0759, 0.004, NaN, -0.0759, -0.269, 0.0759, -0.1161, -0.1084, 0.0754, 0.0724, 0.1342, -0.2143, -0.0759, NaN, -0.2173, 1, -0.2563, 0.1161, -0.4267, NaN, 0.1791, 0.101, 0.1961, -0.2821, -0.1537, 0.1655, NaN, -0.177, -0.0759, 0.1342, 0.138, 0.2964, 0.0241, -0.2355
-0.3987, -0.1679, 0.3433, -0.1216, -0.1216, 0.0331, -0.3433, -0.1936, -0.0852, -0.1679, -0.1679, NaN, 0.2273, 0.2969, 0.062, NaN, NaN, -0.135, -0.1016, 0.1503, 0.1216, 0.186, -0.1287, NaN, -0.2918, -0.1216, 0.1216, -0.3005, NaN, -0.1216, -0.1679, -0.1679, -0.1697, -0.1737, -0.1591, -0.2808, -0.1263, 0.2406, -0.1216, NaN, -0.081, -0.2563, 1, -0.1011, 0.2609, NaN, 0.1503, -0.0648, -0.3093, 0.0372, -0.0911, 0.1585, NaN, 0.2566, 0.1679, -0.2969, -0.1737, -0.3529, 0.1216, 0.2273
-0.2875, -0.0891, -0.2516, -0.2291, 0.0891, 0.1273, -0.5186, -0.0668, 0.4295, -0.0891, -0.0891, NaN, 0.1381, 0.1576, 0.2836, NaN, NaN, -0.2237, 0.1839, -0.0292, -0.0891, 0.2461, -0.1762, NaN, 0.5784, 0.0891, -0.0891, 0.1893, NaN, 0.0891, -0.0891, -0.0891, 0.2897, -0.1, -0.1655, -0.3504, -0.1576, -0.5186, 0.0891, NaN, 0.245, 0.1161, -0.1011, 1, -0.2722, NaN, -0.4666, -0.1809, -0.2303, -0.7441, 0.2753, -0.1161, NaN, 0.2079, -0.2291, -0.1576, 0.1273, 0.1394, 0.3563, -0.065
0.0625, -0.0623, 0.2956, 0.0623, -0.1455, 0.0891, 0.1761, -0.0102, -0.2293, 0.3273, -0.0623, NaN, -0.0099, 0.1103, -0.0528, NaN, NaN, -0.1001, 0.1287, -0.1905, -0.0623, 0.1175, -0.0625, NaN, -0.1905, 0.0623, -0.0623, 0.2137, NaN, 0.0623, 0.3273, -0.0623, 0.1507, -0.1893, 0.0322, -0.1175, -0.1103, 0.1761, 0.0623, NaN, -0.2182, -0.4267, 0.2609, -0.2722, 1, NaN, 0.2857, 0.1612, -0.1612, 0.2318, -0.1175, 0.0316, NaN, 0.1455, 0.0623, -0.1103, -0.1893, -0.0744, -0.0818, 0.1144
NaN, NaN, NaN, NaN, NaN, NaN, NaN, NaN, NaN, NaN, NaN, NaN, NaN, NaN, NaN, NaN, NaN, NaN, NaN, NaN, NaN, NaN, NaN, NaN, NaN, NaN, NaN, NaN, NaN, NaN, NaN, NaN, NaN, NaN, NaN, NaN, NaN, NaN, NaN, NaN, NaN, NaN, NaN, NaN, NaN, 1, NaN, NaN, NaN, NaN, NaN, NaN, NaN, NaN, NaN, NaN, NaN, NaN, NaN, NaN
-0.1931, 0.0935, 0.1384, -0.0935, -0.0727, -0.1336, -0.0126, 0.1431, 0.0629, 0.0935, 0.0935, NaN, -0.2089, 0.0184, -0.1407, NaN, NaN, 0.2423, -0.193, 0.1667, 0.0935, -0.2657, 0.1931, NaN, -0.4286, -0.0935, 0.0935, 0.0546, NaN, -0.0935, 0.0935, 0.0935, -0.2138, -0.1336, 0.0092, 0.1635, 0.1654, 0.3648, -0.0935, NaN, -0.5455, 0.1791, 0.1503, -0.4666, 0.2857, NaN, 1, 0.1612, 0.2417, 0.2845, -0.7562, 0.2423, NaN, -0.2182, 0.2182, 0.1654, -0.1336, 0.1664, -0.1091, -0.1094
0.1474, 0.0528, 0.149, -0.0528, -0.0821, -0.0754, -0.149, -0.0634, -0.3449, 0.0528, 0.0528, NaN, -0.0617, -0.0933, -0.3273, NaN, NaN, 0.1961, 0.5717, -0.3425, 0.0528, -0.2075, 0.173, NaN, -0.1746, 0.3869, 0.0528, 0.1077, NaN, -0.0528, 0.0528, 0.0528, 0.0439, -0.0754, -0.1247, -0.0807, 0.0933, 0.2058, -0.0528, NaN, -0.1231, 0.101, -0.0648, -0.1809, 0.1612, NaN, 0.1612, 1, 0.1364, 0.101, -0.2248, 0.0475, NaN, -0.1231, -0.0528, 0.0933, 0.2387, 0.0939, 0.1846, -0.202
0.173, 0.3869, 0.0284, 0.0528, 0.0821, 0.0754, 0.149, -0.0807, -0.2891, -0.0528, -0.0528, NaN, -0.2189, -0.1659, 0.0794, NaN, NaN, 0.2496, -0.118, -0.1612, -0.0528, -0.6571, 0.4678, NaN, -0.1612, 0.0528, 0.3869, 0.1487, NaN, 0.0528, -0.0528, -0.0528, -0.1809, 0.0754, 0.1247, 0.513, -0.0933, 0.149, 0.0528, NaN, -0.1846, 0.1961, -0.3093, -0.2303, -0.1612, NaN, 0.2417, 0.1364, 1, 0.1961, -0.2075, -0.0475, NaN, -0.0821, 0.0528, -0.0933, 0.0754, 0.2766, -0.1846, -0.2189
0.3795, 0.0759, 0.0751, 0.269, 0.177, -0.1084, 0.4814, -0.1854, -0.4794, 0.0759, 0.0759, NaN, -0.0154, -0.1342, -0.2762, NaN, NaN, 0.1655, -0.1566, 0.1001, 0.0759, -0.0724, 0.1232, NaN, -0.5584, -0.0759, 0.0759, -0.1971, NaN, -0.0759, 0.0759, 0.0759, -0.1161, 0.138, 0.3812, 0.1854, 0.1342, 0.6206, -0.0759, NaN, -0.2173, -0.2821, 0.0372, -0.7441, 0.2318, NaN, 0.2845, 0.101, 0.1961, 1, -0.3798, 0.1655, NaN, -0.177, -0.0759, 0.1342, -0.1084, -0.3817, -0.2173, 0.2047
0.2633, -0.0803, 0.0432, 0.0803, -0.1873, 0.1147, 0.2267, -0.0132, -0.054, -0.0803, -0.0803, NaN, 0.2007, -0.0552, 0.2151, NaN, NaN, -0.1854, 0.1657, -0.2453, -0.0803, 0.2061, -0.1414, NaN, 0.3934, 0.0803, -0.0803, 0.1288, NaN, 0.0803, -0.0803, -0.0803, 0.2461, 0.1147, -0.2056, -0.2061, -0.142, -0.4481, 0.0803, NaN, 0.5385, -0.1537, -0.0911, 0.2753, -0.1175, NaN, -0.7562, -0.2248, -0.2075, -0.3798, 1, -0.2984, NaN, 0.1873, 0.0803, -0.142, 0.1147, -0.0489, -0.1639, -0.1196
0.1232, -0.0759, 0.2031, 0.0759, -0.0161, -0.3844, -0.064, -0.1537, -0.0179, -0.0759, -0.0759, NaN, -0.0947, 0.1342, -0.2101, NaN, NaN, 0.1841, -0.1993, 0.295, 0.269, 0.0724, 0.3795, NaN, 0.0316, -0.269, -0.0759, -0.2052, NaN, -0.269, -0.0759, -0.0759, 0.0086, 0.1084, -0.0754, -0.1854, -0.1342, -0.064, 0.0759, NaN, -0.2655, 0.1655, 0.1585, -0.1161, 0.0316, NaN, 0.2423, 0.0475, -0.0475, 0.1655, -0.2984, 1, NaN, 0.0161, 0.0759, 0.0691, 0.1084, -0.1996, -0.2655, 0.1255
NaN, NaN, NaN, NaN, NaN, NaN, NaN, NaN, NaN, NaN, NaN, NaN, NaN, NaN, NaN, NaN, NaN, NaN, NaN, NaN, NaN, NaN, NaN, NaN, NaN, NaN, NaN, NaN, NaN, NaN, NaN, NaN, NaN, NaN, NaN, NaN, NaN, NaN, NaN, NaN, NaN, NaN, NaN, NaN, NaN, NaN, NaN, NaN, NaN, NaN, NaN, NaN, 1, NaN, NaN, NaN, NaN, NaN, NaN, NaN
-0.1562, -0.4286, 0.1345, -0.0476, 0.1111, 0.2722, -0.1345, -0.1873, -0.1511, 0.0476, 0.0476, NaN, 0.1976, 0.1965, 0.1074, NaN, NaN, 0.177, -0.0983, -0.4001, 0.0476, -0.0312, -0.0174, NaN, 0.1455, -0.0476, 0.0476, -0.25, NaN, -0.0476, 0.0476, 0.0476, 0.0891, -0.068, 0.2392, -0.281, -0.4772, -0.1345, 0.4286, NaN, 0.1667, -0.177, 0.2566, 0.2079, 0.1455, NaN, -0.2182, -0.1231, -0.0821, -0.177, 0.1873, 0.0161, NaN, 1, -0.0476, -0.7579, -0.068, -0.2274, 0.1667, 0.1976
-0.0669, 0.0204, 0.0576, -0.0204, -0.4286, -0.0292, -0.0576, -0.0803, 0.1118, 0.0204, 0.0204, NaN, 0.0847, -0.0361, 0.1612, NaN, NaN, 0.0759, -0.0421, 0.0623, 0.0204, -0.0803, 0.0669, NaN, 0.0623, -0.0204, 0.0204, 0.1905, NaN, -0.0204, 0.0204, 0.0204, -0.0891, -0.0292, -0.199, 0.0803, 0.0361, -0.0576, -0.0204, NaN, 0.0714, -0.0759, 0.1679, -0.2291, 0.0623, NaN, 0.2182, -0.0528, 0.0528, -0.0759, 0.0803, 0.0759, NaN, -0.0476, 1, 0.0361, -0.0292, 0.1319, -0.2857, -0.241
0.1184, -0.0361, -0.1019, 0.0361, -0.0842, -0.3782, 0.1019, 0.142, 0.3227, -0.0361, -0.0361, NaN, -0.1498, 0.0638, -0.285, NaN, NaN, -0.1342, 0.0745, 0.3492, -0.0361, 0.142, -0.1184, NaN, -0.1103, 0.0361, -0.0361, 0.1895, NaN, 0.0361, -0.0361, -0.0361, -0.2176, 0.0516, -0.1813, 0.2524, 0.6454, 0.1019, 0.0361, NaN, -0.1263, 0.1342, -0.2969, -0.1576, -0.1103, NaN, 0.1654, 0.0933, -0.0933, 0.1342, -0.142, 0.0691, NaN, -0.7579, 0.0361, 1, 0.0516, 0.1048, -0.1263, -0.1498
0.17, 0.0292, 0.0824, -0.0292, 0.068, -0.0417, -0.0824, -0.1147, -0.0505, 0.0292, 0.0292, NaN, 0.121, -0.0516, -0.1809, NaN, NaN, 0.1084, 0.316, -0.1893, 0.0292, 0.1243, 0.0956, NaN, 0.0891, -0.0292, 0.0292, 0.0595, NaN, -0.0292, 0.0292, 0.0292, 0.1, -0.0417, -0.0689, -0.1243, 0.0516, -0.0824, -0.0292, NaN, 0.1021, 0.138, -0.1737, 0.1273, -0.1893, NaN, -0.1336, 0.2387, 0.0754, -0.1084, 0.1147, 0.1084, NaN, -0.068, -0.0292, 0.0516, 1, -0.0164, 0.1021, -0.3444
-0.0898, 0.1548, -0.1411, 0.1319, -0.3077, 0.1884, -0.0902, 0.3307, 0.1868, 0.1548, 0.1548, NaN, -0.0897, 0.0642, 0.2522, NaN, NaN, -0.0058, 0.1242, -0.0744, -0.1319, -0.327, -0.0146, NaN, 0.1445, 0.1319, -0.1319, 0.4414, NaN, 0.1319, 0.1548, -0.1319, 0.0393, -0.0164, -0.1542, 0.327, 0.2737, -0.2059, -0.1548, NaN, 0.0401, 0.2964, -0.3529, 0.1394, -0.0744, NaN, 0.1664, 0.0939, 0.2766, -0.3817, -0.0489, -0.1996, NaN, -0.2274, 0.1319, 0.1048, -0.0164, 1, -0.0602, -0.3641
-0.5466, -0.0714, -0.2017, -0.2857, 0.3333, 0.1021, -0.5188, 0.1639, 0.1236, -0.0714, -0.0714, NaN, 0.2736, 0.1263, 0.0403, NaN, NaN, -0.2655, 0.1474, -0.2182, -0.0714, 0.1639, -0.2343, NaN, -0.2182, 0.0714, -0.0714, -0.25, NaN, 0.0714, -0.0714, -0.0714, 0.0891, -0.4082, 0.0633, -0.1639, -0.1263, 0.2017, 0.0714, NaN, -0.125, 0.0241, 0.1216, 0.3563, -0.0818, NaN, -0.1091, 0.1846, -0.1846, -0.2173, -0.1639, -0.2655, NaN, 0.1667, -0.2857, -0.1263, 0.1021, -0.0602, 1, 0.1596
-0.197, -0.0847, -0.1078, 0.0847, 0.2584, 0.121, -0.1551, 0.0128, 0.0056, -0.0847, -0.0847, NaN, 0.0644, -0.0422, -0.0257, NaN, NaN, -0.3148, -0.3294, 0.3632, -0.0847, 0.0128, -0.2777, NaN, -0.0099, -0.241, -0.0847, -0.2204, NaN, 0.0847, -0.0847, -0.0847, 0.065, 0.121, 0.3446, -0.0128, -0.1498, 0.1078, 0.0847, NaN, -0.2964, -0.2355, 0.2273, -0.065, 0.1144, NaN, -0.1094, -0.202, -0.2189, 0.2047, -0.1196, 0.1255, NaN, 0.1976, -0.241, -0.1498, -0.3444, -0.3641, 0.1596, 1
