1, 0.0669, 0.3869, 0.0847, NaN, 0.0292, -0.0935, -0.0576, -0.0759, -0.1025, -0.098, NaN, 0.0935, 0.0204, -0.2857, 0.0204, -0.0476, 0.0935, -0.0204, 0.1025, -0.1905, -0.0361, 0.0759, 0.0204, -0.1071, 0.1025, 0.0204, -0.1373, -0.0204, 0.0623, -0.0623, 0.0204, NaN, -0.0421, -0.0759, 0.1679, 0.0204, -0.0292, 0.1216, 0.0361, -0.0714, -0.0891, -0.0361, -0.0528, 0.0669, 0.0361, 0.0421, 0.0421, -0.0714, 0.0803, -0.0669, -0.0292, 0.0204, -0.0935, 0.1118, 0.0714, 0.1487, NaN, -0.0292, -0.1118, 0.0935, 0.0891, 0.1825, NaN, 0.2182, 0.175, NaN, 0.269, 0.0421, -0.0204, -0.1166, -0.0528, 0.0847, NaN, 0.0759, 0.0669, -0.0935, 0.0576, 0.2182, 0.0361
0.0669, 1, -0.1474, 0.4344, NaN, -0.0956, -0.6021, 0.039, 0.1232, -0.433, -0.4598, NaN, 0.3749, 0.3049, 0.026, -0.0669, 0.1562, -0.1931, -0.3049, -0.1165, -0.026, 0.1184, -0.2488, -0.0669, 0.026, -0.2264, -0.0669, -0.3835, 0.0669, -0.0625, 0.2045, 0.3049, NaN, -0.2456, 0.2488, 0.2932, -0.0669, 0.0956, -0.0823, 0.32, -0.5466, 0.0603, -0.1008, 0.173, -0.084, 0.32, -0.1382, -0.1382, 0.2343, -0.2633, -0.187, 0.0956, -0.0669, 0.0795, 0.2767, -0.2343, 0.3459, NaN, 0.0956, -0.2767, -0.1931, 0.1716, -0.384, NaN, 0.1931, -0.0425, NaN, -0.2539, -0.1382, 0.0669, 0.2763, 0.173, -0.159, NaN, -0.1232, -0.084, 0.3067, -0.189, -0.0341, -0.1184
0.3869, -0.1474, 1, 0.2189, NaN, 0.0754, -0.1074, -0.149, 0.101, -0.265, -0.2533, NaN, 0.2417, -0.3869, -0.4308, 0.0528, -0.1231, -0.0269, 0.3869, 0.0052, 0.1487, -0.0933, 0.1961, -0.3869, -0.277, 0.265, 0.0528, -0.2316, -0.0528, -0.1746, -0.1612, 0.0528, NaN, -0.1089, -0.1961, 0.3093, 0.0528, -0.0754, 0.1895, 0.0933, -0.1846, -0.2303, 0.1659, -0.1364, 0.173, 0.0933, 0.1089, 0.1089, -0.1846, 0.0634, -0.173, -0.0754, 0.0528, 0.1612, 0.1623, 0.1846, 0.2612, NaN, -0.0754, -0.1623, 0.2417, 0.2303, 0.0913, NaN, 0.2955, -0.0503, NaN, -0.0475, 0.1089, -0.0528, -0.0503, -0.1364, -0.3424, NaN, 0.0475, 0.173, -0.2417, 0.149, 0.2955, 0.0933
0.0847, 0.4344, 0.2189, 1, NaN, -0.121, -0.3084, -0.0237, 0.3148, -0.7296, -0.2776, NaN, 0.8059, -0.0847, -0.2964, -0.0847, -0.4104, -0.2885, 0.0847, -0.4254, 0.3154, -0.2342, -0.3148, -0.0847, -0.3154, 0.1521, -0.0847, -0.617, 0.0847, -0.2587, -0.4875, 0.241, NaN, -0.1613, 0.3148, 0.5044, -0.0847, 0.121, 0.2347, 0.2342, -0.6155, 0.065, 0.1498, 0.0786, -0.2777, 0.4262, -0.0067, -0.0067, -0.5016, 0.3075, -0.197, 0.121, -0.0847, 0.388, 0.0056, -0.1824, 0.5695, NaN, 0.121, 0.0883, 0.3084, 0.7474, -0.0996, NaN, -0.3084, -0.3537, NaN, -0.1255, -0.1748, 0.0847, 0.3909, -0.4827, -0.3514, NaN, 0.3456, -0.159, -0.3084, 0.5493, 0.388, -0.1498
NaN, NaN, NaN, NaN, 1, NaN, NaN, NaN, NaN, NaN, NaN, NaN, NaN, NaN, NaN, NaN, NaN, NaN, NaN, NaN, NaN, NaN, NaN, NaN, NaN, NaN, NaN, NaN, NaN, NaN, NaN, NaN, NaN, NaN, NaN, NaN, NaN, NaN, NaN, NaN, NaN, NaN, NaN, NaN, NaN, NaN, NaN, NaN, NaN, NaN, NaN, NaN, NaN, NaN, NaN, NaN, NaN, NaN, NaN, NaN, NaN, NaN, NaN, NaN, NaN, NaN, NaN, NaN, NaN, NaN, NaN, NaN, NaN, NaN, NaN, NaN, NaN, NaN, NaN, NaN
0.0292, -0.0956, 0.0754, -0.121, NaN, 1, 0.1336, -0.2118, -0.138, 0.1465, 0.14, NaN, -0.1336, -0.0292, -0.1021, -0.0292, 0.068, 0.0891, 0.0292, 0.0689, -0.1531, 0.0516, -0.1084, -0.0292, 0.1531, 0.0689, 0.6999, 0.1961, -0.6999, -0.0891, 0.0891, -0.0292, NaN, 0.0602, -0.138, -0.0331, -0.0292, 0.0417, -0.1737, -0.0516, 0.1021, -0.1, -0.3782, 0.0754, 0.17, -0.0516, 0.316, -0.0602, -0.1531, -0.1147, 0.0956, 0.0417, -0.0292, -0.3118, 0.0505, -0.1021, -0.2125, NaN, 0.0417, -0.0505, -0.1336, -0.1273, -0.0505, NaN, 0.1336, 0.1667, NaN, 0.1084, -0.0602, 0.0292, -0.0417, -0.2387, -0.121, NaN, -0.1084, -0.0956, 0.1336, -0.0824, -0.0891, -0.0516
-0.0935, -0.6021, -0.1074, -0.3084, NaN, 0.1336, 1, -0.0126, -0.3477, 0.2672, 0.6736, NaN, -0.3333, -0.2182, 0.2182, 0.0935, 0.0727, 0.0476, 0.2182, -0.2672, -0.0546, 0.0184, -0.1791, 0.0935, 0.3273, 0.1013, 0.0935, 0.2446, -0.0935, 0.2857, -0.0476, -0.2182, NaN, 0.2896, 0.1791, -0.5571, 0.0935, 0.0891, -0.1503, -0.2021, 0.3273, 0.2722, 0.0184, 0.4298, 0.0795, -0.2021, 0.193, 0.193, -0.2182, 0.1635, 0.2613, -0.1336, 0.0935, -0.3333, -0.1169, -0.1091, -0.5416, NaN, -0.1336, 0.4766, 0.1429, -0.0778, 0.2068, NaN, -0.3333, 0.0891, NaN, 0.1791, 0.193, 0.2182, -0.0891, -0.1074, 0.388, NaN, 0.137, -0.3749, 0.1429, 0.0126, -0.2381, -0.0184
-0.0576, 0.039, -0.149, -0.0237, NaN, -0.2118, -0.0126, 1, -0.0751, 0.0754, -0.0297, NaN, 0.0126, 0.0576, 0.0576, 0.0576, -0.1345, 0.1384, -0.0576, -0.0754, -0.1777, 0.3835, 0.2143, 0.0576, 0.4179, -0.5621, 0.0576, 0.0738, 0.3541, -0.1384, 0.1384, 0.0576, NaN, -0.119, -0.0751, 0.007, 0.0576, 0.2118, -0.007, 0.1019, 0.0865, 0.2619, 0.1408, 0.0284, -0.261, 0.1019, -0.3059, 0.119, 0.0865, -0.3131, 0.7111, -0.0824, 0.0576, 0.1132, -0.2779, 0.2017, -0.2723, NaN, -0.0824, 0.2779, -0.4905, -0.0051, 0.0404, NaN, 0.239, 0.3765, NaN, -0.0751, -0.3059, -0.0576, 0.1412, 0.0284, 0.2392, NaN, -0.064, -0.111, -0.0126, -0.1694, 0.1132, 0.1019
-0.0759, 0.1232, 0.101, 0.3148, NaN, -0.138, -0.3477, -0.0751, 1, -0.3812, -0.3643, NaN, 0.2423, 0.0759, -0.0966, -0.269, -0.177, -0.4952, -0.0759, -0.0265, 0.0966, -0.1342, 0.049, -0.269, -0.3983, 0.1773, 0.0759, -0.1237, 0.269, -0.4267, -0.2318, 0.0759, NaN, -0.1566, 0.0676, 0.4285, -0.269, 0.138, 0.0606, 0.1342, -0.2655, -0.2237, 0.0691, -0.1961, -0.0025, 0.1342, -0.3773, -0.1993, -0.2655, -0.0407, -0.2488, 0.138, 0.0759, 0.6005, -0.2805, -0.0966, 0.5528, NaN, 0.138, -0.2168, 0.3477, 0.0086, -0.0179, NaN, -0.2423, -0.2365, NaN, -0.049, -0.0214, -0.0759, 0.5519, -0.0475, -0.5658, NaN, 0.049, 0.2488, -0.2423, 0.2143, 0.6005, -0.0691
-0.1025, -0.433, -0.265, -0.7296, NaN, 0.1465, 0.2672, 0.0754, -0.3812, 1, 0.2317, NaN, -0.6357, 0.1025, 0.0422, 0.1025, 0.183, 0.2856, -0.1025, 0.3369, -0.2533, 0.1742, 0.3812, 0.1025, 0.1654, -0.1979, 0.1025, 0.578, -0.1025, 0.3132, 0.3777, -0.199, NaN, 0.0996, -0.2793, -0.3541, 0.1025, -0.1465, -0.3302, -0.1742, 0.6966, -0.0715, -0.1813, -0.1351, 0.1165, -0.1742, 0.056, 0.056, 0.4855, -0.0909, 0.2132, 0.0689, -0.199, -0.3777, 0.04, 0.2533, -0.4361, NaN, -0.1465, -0.04, -0.4514, -0.4927, 0.134, NaN, 0.2672, 0.2758, NaN, 0.0265, 0.056, -0.1025, -0.4137, 0.2546, 0.4254, NaN, -0.3323, 0.1165, 0.2672, -0.3188, -0.3777, 0.0036
-0.098, -0.4598, -0.2533, -0.2776, NaN, 0.14, 0.6736, -0.0297, -0.3643, 0.2317, 1, NaN, -0.1123, 0.098, 0.2358, 0.098, -0.2287, -0.0187, -0.098, -0.2317, 0.0679, 0.0072, -0.2567, 0.098, 0.2894, 0.3113, 0.098, 0.1133, -0.098, 0.2994, -0.2994, -0.2082, NaN, 0.4299, 0.0497, -0.4969, 0.098, 0.0788, -0.0243, -0.3683, 0.3001, 0.4316, -0.1733, 0.2744, 0.0982, -0.1878, 0.2023, 0.2023, -0.2358, 0.3855, 0.2366, -0.14, 0.098, -0.4491, -0.2579, -0.1929, -0.3158, NaN, -0.14, 0.2579, 0.0748, -0.0497, 0.2579, NaN, -0.3555, 0.0525, NaN, 0.3602, 0.2023, 0.2082, -0.035, -0.1214, 0.2111, NaN, 0.3643, -0.5714, 0.0187, 0.2768, -0.3555, 0.1733
NaN, NaN, NaN, NaN, NaN, NaN, NaN, NaN, NaN, NaN, NaN, 1, NaN, NaN, NaN, NaN, NaN, NaN, NaN, NaN, NaN, NaN, NaN, NaN, NaN, NaN, NaN, NaN, NaN, NaN, NaN, NaN, NaN, NaN, NaN, NaN, NaN, NaN, NaN, NaN, NaN, NaN, NaN, NaN, NaN, NaN, NaN, NaN, NaN, NaN, NaN, NaN, NaN, NaN, NaN, NaN, NaN, NaN, NaN, NaN, NaN, NaN, NaN, NaN, NaN, NaN, NaN, NaN, NaN, NaN, NaN, NaN, NaN, NaN, NaN, NaN, NaN, NaN, NaN, NaN
0.0935, 0.3749, 0.2417, 0.8059, NaN, -0.1336, -0.3333, 0.0126, 0.2423, -0.6357, -0.1123, NaN, 1, -0.0935, -0.2182, -0.0935, -0.5092, -0.4286, 0.0935, -0.3777, 0.4183, -0.2021, -0.2423, -0.0935, -0.2364, 0.3593, -0.0935, -0.594, 0.0935, -0.2857, -0.5476, 0.2182, NaN, -0.1287, 0.137, 0.4687, 0.2182, 0.1336, 0.2388, 0.2021, -0.6547, 0.0194, 0.1654, -0.0269, -0.1931, 0.3859, 0.1287, 0.1287, -0.4364, 0.3474, -0.1477, -0.0891, -0.0935, 0.3333, 0.027, -0.2182, 0.4543, NaN, -0.0891, -0.027, 0.2381, 0.661, -0.1169, NaN, -0.2381, -0.2673, NaN, -0.0737, -0.0322, 0.0935, 0.5345, -0.2955, -0.388, NaN, 0.3898, -0.3067, -0.3333, 0.6163, 0.4286, 0.0184
0.0204, 0.3049, -0.3869, -0.0847, NaN, -0.0292, -0.2182, 0.0576, 0.0759, 0.1025, 0.098, NaN, -0.0935, 1, -0.0714, -0.0204, 0.0476, -0.0935, -1, 0.199, -0.1071, 0.0361, -0.0759, -0.0204, 0.1071, -0.1025, -0.0204, -0.1487, 0.0204, -0.0623, 0.0623, -0.0204, NaN, 0.0421, 0.0759, 0.1216, -0.0204, 0.0292, -0.1216, -0.0361, 0.0714, 0.0891, -0.5654, 0.0528, -0.0669, -0.0361, -0.0421, -0.0421, 0.0714, -0.0803, 0.0669, 0.0292, -0.0204, -0.2182, -0.1118, -0.0714, 0.1373, NaN, 0.0292, -0.1825, -0.0935, -0.0891, 0.1118, NaN, 0.0935, -0.175, NaN, 0.0759, -0.0421, 0.0204, 0.1166, 0.0528, -0.0847, NaN, -0.0759, -0.0669, 0.0935, -0.0576, -0.2182, -0.0361
-0.2857, 0.026, -0.4308, -0.2964, NaN, -0.1021, 0.2182, 0.0576, -0.0966, 0.0422, 0.2358, NaN, -0.2182, -0.0714, 1, -0.0714, 0.1667, -0.2182, 0.0714, -0.1478, -0.0625, 0.1263, -0.2655, -0.0714, 0.2708, 0.0633, -0.0714, -0.02, 0.0714, -0.0818, 0.2182, -0.0714, NaN, 0.1474, 0.2655, -0.4863, -0.0714, 0.1021, 0.1823, -0.1263, 0, 0.2004, 0.1263, 0.1846, 0.026, -0.1263, -0.1474, -0.1474, 0, -0.281, 0.1041, 0.1021, -0.0714, 0.2182, -0.2884, -0.25, -0.3203, NaN, 0.1021, 0.1854, 0, -0.0891, -0.3296, NaN, -0.3273, 0.1021, NaN, 0.0241, -0.1474, 0.0714, 0.1021, 0.1846, 0.1596, NaN, -0.1448, -0.1041, 0.1091, -0.2017, -0.2182, -0.1263
0.0204, -0.0669, 0.0528, -0.0847, NaN, -0.0292, 0.0935, 0.0576, -0.269, 0.1025, 0.098, NaN, -0.0935, -0.0204, -0.0714, 1, 0.0476, 0.2182, 0.0204, 0.199, -0.1071, 0.0361, -0.0759, -0.0204, 0.1071, -0.1025, -0.0204, -0.1487, 0.0204, 0.3273, 0.0623, -0.0204, NaN, 0.0421, -0.269, 0.1216, -0.0204, 0.0292, 0.1679, -0.0361, 0.0714, 0.0891, 0.0361, 0.0528, -0.0669, -0.0361, 0.4845, -0.0421, 0.0714, 0.2542, 0.0669, 0.0292, -0.0204, -0.2182, -0.1118, -0.0714, -0.1487, NaN, 0.0292, 0.1118, -0.0935, -0.0891, 0.1118, NaN, 0.0935, 0.1166, NaN, -0.269, -0.0421, 0.0204, -0.175, 0.0528, 0.241, NaN, 0.269, -0.0669, 0.0935, -0.0576, -0.2182, -0.0361
-0.0476, 0.1562, -0.1231, -0.4104, NaN, 0.068, 0.0727, -0.1345, -0.177, 0.183, -0.2287, NaN, -0.5092, 0.0476, 0.1667, 0.0476, 1, 0.2182, -0.0476, 0.0985, -0.4444, -0.0842, 0.0161, 0.0476, 0.3056, -0.4644, 0.0476, 0.2135, -0.0476, 0.1455, 0.7638, 0.0476, NaN, -0.0983, -0.0161, -0.2837, 0.0476, -0.068, -0.3917, 0.0842, -0.1667, -0.0594, -0.0842, 0.0821, 0.1562, -0.1965, 0.0983, -0.1474, 0.5, -0.5932, -0.1562, -0.068, 0.0476, -0.2182, 0.261, 0.1667, -0.3203, NaN, -0.068, -0.1236, -0.3637, -0.386, -0.261, NaN, 0.3637, 0.2722, NaN, -0.177, 0.0983, -0.0476, -0.2722, 0.6975, 0.1976, NaN, -0.6276, 0.1562, 0.5092, -0.8262, -0.2182, -0.1965
0.0935, -0.1931, -0.0269, -0.2885, NaN, 0.0891, 0.0476, 0.1384, -0.4952, 0.2856, -0.0187, NaN, -0.4286, -0.0935, -0.2182, 0.2182, 0.2182, 1, 0.0935, 0.2672, -0.3091, -0.0184, 0.2845, 0.2182, 0.0364, -0.3777, -0.0935, 0.3669, -0.2182, 0.4286, 0.1667, -0.0935, NaN, 0.0322, -0.2845, -0.1503, -0.0935, -0.0891, 0.0619, -0.1654, 0.3273, -0.0778, -0.0184, -0.2955, -0.1931, -0.1654, 0.1287, 0.1287, 0.2182, -0.0613, 0.1931, 0.1336, 0.2182, -0.5238, 0.027, 0.5455, -0.332, NaN, -0.0891, 0.1529, -0.3333, -0.311, 0.4226, NaN, 0.2381, 0.3563, NaN, 0.2423, -0.0322, -0.2182, -0.7127, -0.0269, 0.4079, NaN, -0.0316, 0.2613, -0.1429, -0.2641, -0.3333, 0.0184
-0.0204, -0.3049, 0.3869, 0.0847, NaN, 0.0292, 0.2182, -0.0576, -0.0759, -0.1025, -0.098, NaN, 0.0935, -1, 0.0714, 0.0204, -0.0476, 0.0935, 1, -0.199, 0.1071, -0.0361, 0.0759, 0.0204, -0.1071, 0.1025, 0.0204, 0.1487, -0.0204, 0.0623, -0.0623, 0.0204, NaN, -0.0421, -0.0759, -0.1216, 0.0204, -0.0292, 0.1216, 0.0361, -0.0714, -0.0891, 0.5654, -0.0528, 0.0669, 0.0361, 0.0421, 0.0421, -0.0714, 0.0803, -0.0669, -0.0292, 0.0204, 0.2182, 0.1118, 0.0714, -0.1373, NaN, -0.0292, 0.1825, 0.0935, 0.0891, -0.1118, NaN, -0.0935, 0.175, NaN, -0.0759, 0.0421, -0.0204, -0.1166, -0.0528, 0.0847, NaN, 0.0759, 0.0669, -0.0935, 0.0576, 0.2182, 0.0361
0.1025, -0.1165, 0.0052, -0.4254, NaN, 0.0689, -0.2672, -0.0754, -0.0265, 0.3369, -0.2317, NaN, -0.3777, 0.199, -0.1478, 0.199, 0.0985, 0.2672, -0.199, 1, -0.1865, 0.0036, 0.4342, 0.199, -0.0774, 0.0196, -0.1025, 0.3516, -0.199, -0.0829, 0.1981, -0.1025, NaN, -0.0996, -0.4342, 0.1831, -0.1025, -0.2844, 0.0736, -0.0036, 0.3589, -0.3987, -0.352, -0.3846, 0.3231, -0.1813, 0.0996, -0.056, 0.3589, -0.1068, 0.0066, -0.0689, -0.1025, 0.0092, 0.047, 0.1689, 0.098, NaN, 0.1465, -0.3949, -0.1935, -0.4476, 0.04, NaN, 0.4699, 0.1551, NaN, -0.0265, -0.2117, -0.199, -0.2758, 0.1351, 0.0558, NaN, -0.0754, 0.3231, 0.0092, -0.1679, -0.1751, 0.1742
-0.1905, -0.026, 0.1487, 0.3154, NaN, -0.1531, -0.0546, -0.1777, 0.0966, -0.2533, 0.0679, NaN, 0.4183, -0.1071, -0.0625, -0.1071, -0.4444, -0.3091, 0.1071, -0.1865, 1, -0.1614, -0.1971, -0.1071, -0.3056, 0.3413, -0.1071, -0.3636, 0.1071, -0.1, -0.4683, -0.1071, NaN, 0.2212, 0.0966, 0.3005, 0.1905, -0.0595, 0.2904, 0.1614, -0.0417, 0.0037, 0.1895, 0.0205, 0.0824, 0.3369, 0.086, 0.086, -0.25, 0.2615, -0.2993, -0.2722, -0.1071, 0.2182, -0.0721, -0.1667, 0.2202, NaN, -0.2722, 0.1579, 0.4183, 0.2747, -0.1854, NaN, -0.1455, -0.6634, NaN, 0.0966, -0.0676, 0.1071, 0.1871, -0.2359, -0.2546, NaN, 0.4064, -0.026, -0.1455, 0.538, 0.1273, 0.3369
-0.0361, 0.1184, -0.0933, -0.2342, NaN, 0.0516, 0.0184, 0.3835, -0.1342, 0.1742, 0.0072, NaN, -0.2021, 0.0361, 0.1263, 0.0361, -0.0842, -0.0184, -0.0361, 0.0036, -0.1614, 1, -0.0691, 0.0361, 0.3369, -0.1742, 0.0361, 0.0944, -0.0361, 0.1103, 0.3492, 0.0361, NaN, -0.0745, 0.0691, -0.215, 0.0361, -0.0516, -0.2969, 0.0638, 0.2948, 0.4051, -0.0638, 0.425, 0.1184, 0.0638, -0.2359, 0.0745, 0.2948, -0.2524, 0.32, -0.0516, 0.0361, -0.1654, 0.1978, -0.0842, -0.2427, NaN, -0.0516, -0.0243, -0.2021, -0.2176, -0.1978, NaN, 0.2021, 0.3094, NaN, -0.1342, 0.0745, -0.0361, -0.0344, -0.0933, 0.1498, NaN, -0.2724, -0.1008, 0.3859, -0.3835, -0.1654, 0.0638
0.0759, -0.2488, 0.1961, -0.3148, NaN, -0.1084, -0.1791, 0.2143, 0.049, 0.3812, -0.2567, NaN, -0.2423, -0.0759, -0.2655, -0.0759, 0.0161, 0.2845, 0.0759, 0.4342, -0.1971, -0.0691, 1, -0.0759, -0.2052, -0.2793, -0.0759, 0.4136, 0.0759, -0.1001, 0.1001, -0.0759, NaN, -0.1993, -0.5338, 0.1585, -0.0759, -0.138, 0.0372, 0.0691, 0.2655, -0.529, 0.1342, -0.5467, 0.0025, -0.1342, -0.1566, 0.0214, 0.2655, -0.1854, 0.1232, 0.1084, -0.0759, 0.137, 0.0816, 0.4587, -0.0696, NaN, 0.1084, -0.0816, -0.3477, -0.3312, 0.4158, NaN, 0.3477, 0.3351, NaN, -0.0676, -0.1566, -0.269, -0.1577, 0.1961, 0.1255, NaN, -0.1655, 0.3795, -0.1791, -0.0751, 0.0316, 0.2724
0.0204, -0.0669, -0.3869, -0.0847, NaN, -0.0292, 0.0935, 0.0576, -0.269, 0.1025, 0.098, NaN, -0.0935, -0.0204, -0.0714, -0.0204, 0.0476, 0.2182, 0.0204, 0.199, -0.1071, 0.0361, -0.0759, 1, 0.1071, -0.1025, -0.0204, 0.1373, 0.0204, 0.3273, 0.0623, -0.0204, NaN, 0.0421, 0.0759, -0.1679, -0.0204, 0.0292, -0.1216, -0.0361, 0.0714, 0.0891, 0.0361, 0.0528, -0.0669, -0.0361, -0.0421, -0.0421, 0.0714, 0.2542, 0.0669, 0.0292, -0.0204, -0.2182, 0.1825, -0.0714, -0.1487, NaN, 0.0292, 0.1118, -0.0935, -0.0891, 0.1118, NaN, 0.0935, 0.1166, NaN, 0.0759, -0.0421, 0.0204, -0.175, 0.0528, 0.241, NaN, -0.0759, -0.0669, 0.0935, -0.0576, -0.2182, -0.0361
-0.1071, 0.026, -0.277, -0.3154, NaN, 0.1531, 0.3273, 0.4179, -0.3983, 0.1654, 0.2894, NaN, -0.2364, 0.1071, 0.2708, 0.1071, 0.3056, 0.0364, -0.1071, -0.0774, -0.3056, 0.3369, -0.2052, 0.1071, 1, -0.3413, 0.1071, 0.1968, -0.1071, 0.1, 0.3546, 0.1071, NaN, -0.0676, 0.2052, -0.4694, 0.1071, 0.0595, -0.4592, -0.1614, 0.0417, 0.3675, -0.1895, 0.4924, 0.026, -0.3369, 0.0676, 0.0676, 0.25, -0.359, 0.6247, -0.1531, 0.1071, -0.3091, 0.0721, -0.25, -0.6372, NaN, -0.1531, 0.1854, -0.4183, -0.0891, -0.2438, NaN, 0.2364, 0.4933, NaN, -0.1971, -0.086, 0.1905, 0.068, 0.2359, 0.4446, NaN, -0.2052, -0.5162, 0.5092, -0.4179, -0.3091, 0.014
0.1025, -0.2264, 0.265, 0.1521, NaN, 0.0689, 0.1013, -0.5621, 0.1773, -0.1979, 0.3113, NaN, 0.3593, -0.1025, 0.0633, -0.1025, -0.4644, -0.3777, 0.1025, 0.0196, 0.3413, -0.1742, -0.2793, -0.1025, -0.3413, 1, -0.1025, -0.24, -0.199, -0.0829, -0.4929, -0.1025, NaN, 0.2117, 0.0754, 0.012, 0.199, -0.0689, 0.2447, -0.1813, -0.0633, -0.0226, -0.1742, 0.0052, 0.3231, -0.0036, 0.2552, 0.0996, -0.4855, 0.4864, -0.3231, -0.0689, -0.1025, 0.1013, -0.04, -0.2533, 0.3516, NaN, -0.0689, -0.2209, 0.6357, 0.2106, 0.04, NaN, -0.4514, -0.362, NaN, 0.2793, 0.2552, 0.1025, 0.2413, -0.3846, -0.4254, NaN, 0.3323, -0.1165, -0.3593, 0.5621, 0.1013, -0.0036
0.0204, -0.0669, 0.0528, -0.0847, NaN, 0.6999, 0.0935, 0.0576, 0.0759, 0.1025, 0.098, NaN, -0.0935, -0.0204, -0.0714, -0.0204, 0.0476, -0.0935, 0.0204, -0.1025, -0.1071, 0.0361, -0.0759, -0.0204, 0.1071, -0.1025, 1, 0.1373, 0.0204, -0.0623, 0.0623, -0.0204, NaN, 0.0421, 0.0759, 0.1216, -0.0204, 0.0292, -0.1216, -0.0361, 0.0714, 0.0891, 0.0361, 0.0528, -0.0669, -0.0361, -0.0421, -0.0421, -0.2857, -0.0803, 0.0669, 0.0292, -0.0204, -0.2182, -0.1118, -0.0714, -0.1487, NaN, 0.0292, 0.1118, -0.0935, -0.0891, 0.1118, NaN, 0.0935, 0.1166, NaN, 0.0759, -0.0421, 0.0204, 0.1166, 0.0528, -0.0847, NaN, -0.0759, -0.0669, 0.0935, -0.0576, 0.0935, -0.0361
-0.1373, -0.3835, -0.2316, -0.617, NaN, 0.1961, 0.2446, 0.0738, -0.1237, 0.578, 0.1133, NaN, -0.594, -0.1487, -0.02, -0.1487, 0.2135, 0.3669, 0.1487, 0.3516, -0.3636, 0.0944, 0.4136, 0.1373, 0.1968, -0.24, 0.1373, 1, -0.1373, 0.2009, 0.2359, -0.1487, NaN, 0.0118, -0.2203, -0.4931, -0.1487, 0.0082, -0.3179, -0.0944, 0.5204, -0.1534, -0.0742, -0.2316, 0.0333, -0.263, -0.1594, -0.0118, 0.4203, -0.1162, 0.1751, 0.0082, 0.1373, -0.2795, 0.0924, 0.0801, -0.3622, NaN, 0.2125, -0.0099, -0.332, -0.6491, 0.1551, NaN, 0.1572, 0.3595, NaN, 0.2629, 0.1358, -0.1373, -0.2942, 0.2612, 0.2957, NaN, -0.1662, 0.0333, 0.1572, -0.3046, -0.2795, 0.2427
-0.0204, 0.0669, -0.0528, 0.0847, NaN, -0.6999, -0.0935, 0.3541, 0.269, -0.1025, -0.098, NaN, 0.0935, 0.0204, 0.0714, 0.0204, -0.0476, -0.2182, -0.0204, -0.199, 0.1071, -0.0361, 0.0759, 0.0204, -0.1071, -0.199, 0.0204, -0.1373, 1, 0.0623, -0.0623, 0.0204, NaN, -0.0421, 0.269, 0.1679, 0.0204, -0.0292, 0.1216, 0.0361, -0.0714, 0.2291, 0.5654, -0.0528, -0.3049, 0.0361, -0.4845, 0.0421, -0.0714, 0.0803, -0.0669, -0.0292, 0.0204, 0.2182, -0.1825, 0.0714, 0.1487, NaN, -0.0292, 0.1825, 0.0935, 0.0891, 0.1825, NaN, -0.0935, -0.1166, NaN, -0.0759, 0.0421, -0.0204, 0.175, 0.3869, 0.0847, NaN, 0.0759, 0.0669, -0.0935, 0.0576, 0.2182, 0.0361
0.0623, -0.0625, -0.1746, -0.2587, NaN, -0.0891, 0.2857, -0.1384, -0.4267, 0.3132, 0.2994, NaN, -0.2857, -0.0623, -0.0818, 0.3273, 0.1455, 0.4286, 0.0623, -0.0829, -0.1, 0.1103, -0.1001, 0.3273, 0.1, -0.0829, -0.0623, 0.2009, 0.0623, 1, 0.1905, -0.0623, NaN, 0.1287, 0.1001, -0.2918, -0.0623, 0.0891, -0.1503, -0.1103, 0.2182, 0.2722, 0.1103, 0.1612, -0.2045, -0.1103, 0.0724, -0.1287, 0.2182, 0.2657, -0.0795, 0.0891, -0.0623, -0.6667, 0.2203, 0.0546, -0.2359, NaN, -0.1893, 0.1169, -0.0476, -0.2722, 0.3417, NaN, -0.0714, 0.1336, NaN, 0.1001, 0.2735, 0.0623, -0.5345, 0.1612, 0.4875, NaN, 0.0316, -0.2045, 0.2857, -0.1761, -0.4286, 0.1195
-0.0623, 0.2045, -0.1612, -0.4875, NaN, 0.0891, -0.0476, 0.1384, -0.2318, 0.3777, -0.2994, NaN, -0.5476, 0.0623, 0.2182, 0.0623, 0.7638, 0.1667, -0.0623, 0.1981, -0.4683, 0.3492, 0.1001, 0.0623, 0.3546, -0.4929, 0.0623, 0.2359, -0.0623, 0.1905, 1, 0.0623, NaN, -0.1287, -0.1001, -0.2609, 0.0623, -0.0891, -0.4023, 0.1103, 0.0546, 0.0923, -0.1103, 0.1746, 0.2045, -0.1195, -0.0724, -0.2735, 0.6001, -0.6489, 0.0795, -0.0891, -0.3273, -0.1667, 0.3417, 0.2182, -0.3101, NaN, -0.0891, -0.2293, -0.4286, -0.4568, -0.3417, NaN, 0.4286, 0.3118, NaN, -0.2318, -0.0724, -0.0623, -0.3563, 0.5104, 0.2587, NaN, -0.8218, 0.2045, 0.5476, -0.9245, -0.2857, -0.1195
0.0204, 0.3049, 0.0528, 0.241, NaN, -0.0292, -0.2182, 0.0576, 0.0759, -0.199, -0.2082, NaN, 0.2182, -0.0204, -0.0714, -0.0204, 0.0476, -0.0935, 0.0204, -0.1025, -0.1071, 0.0361, -0.0759, -0.0204, 0.1071, -0.1025, -0.0204, -0.1487, 0.0204, -0.0623, 0.0623, 1, NaN, 0.0421, 0.0759, 0.1216, -0.0204, 0.0292, -0.1216, -0.0361, -0.2857, 0.0891, 0.0361, 0.0528, -0.0669, -0.0361, -0.0421, -0.0421, 0.0714, -0.0803, 0.0669, 0.0292, -0.0204, 0.0935, -0.1118, -0.0714, 0.1373, NaN, 0.0292, -0.1825, -0.0935, 0.2291, -0.1825, NaN, 0.0935, 0.1166, NaN, -0.269, -0.0421, 0.0204, 0.1166, 0.0528, -0.0847, NaN, -0.0759, -0.0669, 0.0935, -0.0576, 0.0935, -0.0361
NaN, NaN, NaN, NaN, NaN, NaN, NaN, NaN, NaN, NaN, NaN, NaN, NaN, NaN, NaN, NaN, NaN, NaN, NaN, NaN, NaN, NaN, NaN, NaN, NaN, NaN, NaN, NaN, NaN, NaN, NaN, NaN, 1, NaN, NaN, NaN, NaN, NaN, NaN, NaN, NaN, NaN, NaN, NaN, NaN, NaN, NaN, NaN, NaN, NaN, NaN, NaN, NaN, NaN, NaN, NaN, NaN, NaN, NaN, NaN, NaN, NaN, NaN, NaN, NaN, NaN, NaN, NaN, NaN, NaN, NaN, NaN, NaN, NaN, NaN, NaN, NaN, NaN, NaN, NaN
-0.0421, -0.2456, -0.1089, -0.1613, NaN, 0.0602, 0.2896, -0.119, -0.1566, 0.0996, 0.4299, NaN, -0.1287, 0.0421, 0.1474, 0.0421, -0.0983, 0.0322, -0.0421, -0.0996, 0.2212, -0.0745, -0.1993, 0.0421, -0.0676, 0.2117, 0.0421, 0.0118, -0.0421, 0.1287, -0.1287, 0.0421, NaN, 1, 0.0214, -0.2509, 0.0421, -0.0602, 0.1016, -0.2359, 0.2212, 0.1445, -0.0745, 0.118, 0.1382, 0.0745, 0.087, 0.087, -0.1474, 0.1657, -0.1382, -0.0602, 0.0421, -0.193, -0.2248, -0.0369, 0.0118, NaN, -0.0602, 0.0729, 0.193, -0.1445, 0.0729, NaN, -0.193, -0.2408, NaN, 0.3773, 0.087, -0.0421, -0.0903, -0.1089, 0.0067, NaN, 0.1566, -0.0537, -0.0322, 0.119, -0.193, 0.0745
-0.0759, 0.2488, -0.1961, 0.3148, NaN, -0.138, 0.1791, -0.0751, 0.0676, -0.2793, 0.0497, NaN, 0.137, 0.0759, 0.2655, -0.269, -0.0161, -0.2845, -0.0759, -0.4342, 0.0966, 0.0691, -0.5338, 0.0759, 0.2052, 0.0754, 0.0759, -0.2203, 0.269, 0.1001, -0.1001, 0.0759, NaN, 0.0214, 1, -0.2563, -0.269, -0.1084, -0.2328, 0.1342, -0.2655, 0.4215, 0.0691, 0.5467, -0.3795, 0.1342, -0.3773, -0.0214, -0.2655, 0.0724, -0.1232, 0.3844, 0.0759, -0.0316, 0.1174, -0.4587, -0.0271, NaN, 0.138, 0.38, 0.2423, 0.2237, -0.1174, NaN, -0.3477, -0.138, NaN, -0.049, -0.0214, 0.269, 0.2562, -0.0475, 0.2047, NaN, -0.0676, -0.3795, 0.1791, 0.0751, -0.0316, -0.2724
0.1679, 0.2932, 0.3093, 0.5044, NaN, -0.0331, -0.5571, 0.007, 0.4285, -0.3541, -0.4969, NaN, 0.4687, 0.1216, -0.4863, 0.1216, -0.2837, -0.1503, -0.1216, 0.1831, 0.3005, -0.215, 0.1585, -0.1679, -0.4694, 0.012, 0.1216, -0.4931, 0.1679, -0.2918, -0.2609, 0.1216, NaN, -0.2509, -0.2563, 1, 0.1216, 0.0331, 0.3136, 0.215, -0.2229, -0.3502, 0.1263, -0.3142, -0.0232, 0.215, 0.1016, -0.0478, -0.2229, 0.0987, -0.1877, -0.1737, -0.1679, 0.3272, -0.0852, 0.2229, 0.5613, NaN, -0.1737, -0.2488, 0.115, 0.3502, 0.0852, NaN, 0.1503, -0.2812, NaN, -0.2563, -0.1972, -0.1216, 0.2151, -0.1895, -0.327, NaN, 0.2563, 0.2932, -0.2918, 0.3433, 0.504, 0.0444
0.0204, -0.0669, 0.0528, -0.0847, NaN, -0.0292, 0.0935, 0.0576, -0.269, 0.1025, 0.098, NaN, 0.2182, -0.0204, -0.0714, -0.0204, 0.0476, -0.0935, 0.0204, -0.1025, 0.1905, 0.0361, -0.0759, -0.0204, 0.1071, 0.199, -0.0204, -0.1487, 0.0204, -0.0623, 0.0623, -0.0204, NaN, 0.0421, -0.269, 0.1216, 1, 0.0292, -0.1216, -0.0361, 0.0714, 0.0891, 0.0361, 0.0528, 0.3049, -0.0361, 0.4845, 0.4845, 0.0714, -0.0803, 0.0669, -0.6999, -0.0204, -0.2182, 0.1825, 0.2857, -0.1487, NaN, -0.6999, -0.1825, -0.0935, 0.2291, -0.1825, NaN, 0.0935, -0.175, NaN, 0.0759, 0.4845, 0.0204, 0.1166, 0.0528, -0.0847, NaN, -0.0759, -0.0669, 0.0935, -0.0576, 0.0935, -0.0361
-0.0292, 0.0956, -0.0754, 0.121, NaN, 0.0417, 0.0891, 0.2118, 0.138, -0.1465, 0.0788, NaN, 0.1336, 0.0292, 0.1021, 0.0292, -0.068, -0.0891, -0.0292, -0.2844, -0.0595, -0.0516, -0.138, 0.0292, 0.0595, -0.0689, 0.0292, 0.0082, -0.0292, 0.0891, -0.0891, 0.0292, NaN, -0.0602, -0.1084, 0.0331, 0.0292, 1, 0.1737, 0.0516, -0.1021, -0.1273, -0.0516, -0.0754, -0.17, 0.0516, 0.0602, -0.316, -0.1021, 0.1147, 0.17, -0.0417, 0.0292, 0.0891, -0.2607, -0.1531, 0.0082, NaN, -0.0417, 0.0505, -0.0891, 0.1273, 0.0505, NaN, -0.1336, 0.0417, NaN, 0.138, 0.0602, -0.0292, 0.25, -0.0754, -0.1117, NaN, 0.1084, -0.17, -0.1336, 0.0824, 0.0891, 0.0516
0.1216, -0.0823, 0.1895, 0.2347, NaN, -0.1737, -0.1503, -0.007, 0.0606, -0.3302, -0.0243, NaN, 0.2388, -0.1216, 0.1823, 0.1679, -0.3917, 0.0619, 0.1216, 0.0736, 0.2904, -0.2969, 0.0372, -0.1216, -0.4592, 0.2447, -0.1216, -0.3179, 0.1216, -0.1503, -0.4023, -0.1216, NaN, 0.1016, -0.2328, 0.3136, -0.1216, 0.1737, 1, -0.0444, -0.081, -0.1913, 0.215, -0.4339, -0.1877, 0.1263, 0.0478, -0.1016, -0.4863, 0.2808, -0.1287, -0.0331, -0.1216, 0.3802, -0.4992, 0.081, 0.2498, NaN, 0.1737, 0.1653, 0.4156, 0.2816, 0.2488, NaN, -0.3272, -0.2978, NaN, 0.2563, -0.2509, -0.1679, -0.1323, -0.3093, -0.2273, NaN, 0.5263, 0.2342, -0.6809, 0.4741, 0.2034, 0.1263
0.0361, 0.32, 0.0933, 0.2342, NaN, -0.0516, -0.2021, 0.1019, 0.1342, -0.1742, -0.3683, NaN, 0.2021, -0.0361, -0.1263, -0.0361, 0.0842, -0.1654, 0.0361, -0.0036, 0.1614, 0.0638, 0.0691, -0.0361, -0.1614, -0.1813, -0.0361, -0.0944, 0.0361, -0.1103, 0.1103, -0.0361, NaN, -0.2359, 0.1342, 0.215, -0.0361, 0.0516, -0.0444, 1, -0.2948, -0.03, 0.0638, 0.0933, -0.1184, 0.6454, -0.0745, -0.0745, 0.1263, -0.142, -0.32, 0.0516, -0.0361, 0.1654, 0.3227, -0.1263, 0.0742, NaN, 0.0516, 0.1978, -0.1654, -0.1576, -0.1492, NaN, 0.1654, -0.1375, NaN, -0.0691, -0.0745, 0.0361, 0.2063, 0.0933, 0.0422, NaN, -0.1342, -0.1184, 0.1654, -0.1019, 0.1654, -0.0638
-0.0714, -0.5466, -0.1846, -0.6155, NaN, 0.1021, 0.3273, 0.0865, -0.2655, 0.6966, 0.3001, NaN, -0.6547, 0.0714, 0, 0.0714, -0.1667, 0.3273, -0.0714, 0.3589, -0.0417, 0.2948, 0.2655, 0.0714, 0.0417, -0.0633, 0.0714, 0.5204, -0.0714, 0.2182, 0.0546, -0.2857, NaN, 0.2212, -0.2655, -0.2229, 0.0714, -0.1021, -0.081, -0.2948, 1, 0.0223, -0.1263, -0.0308, 0.2343, -0.2948, -0.0369, 0.1474, 0.25, 0.0468, 0.2863, -0.1021, 0.0714, -0.3273, -0.1236, 0.25, -0.2802, NaN, -0.1021, 0.0206, -0.1091, -0.3563, 0.2266, NaN, 0.1091, 0, NaN, 0.2173, 0.1474, -0.0714, -0.4082, -0.1846, 0.2964, NaN, 0.0241, 0.2343, 0.1091, -0.0865, -0.3273, 0.1263
-0.0891, 0.0603, -0.2303, 0.065, NaN, -0.1, 0.2722, 0.2619, -0.2237, -0.0715, 0.4316, NaN, 0.0194, 0.0891, 0.2004, 0.0891, -0.0594, -0.0778, -0.0891, -0.3987, 0.0037, 0.4051, -0.529, 0.0891, 0.3675, -0.0226, 0.0891, -0.1534, 0.2291, 0.2722, 0.0923, 0.0891, NaN, 0.1445, 0.4215, -0.3502, 0.0891, -0.1273, -0.1913, -0.03, 0.0223, 1, 0.03, 0.5922, -0.0557, 0.1576, -0.1445, 0.1839, -0.0891, 0.0375, 0.1716, -0.1273, 0.0891, -0.311, 0.0294, -0.245, -0.1534, NaN, -0.1273, 0.2459, 0.0194, 0.0913, -0.1211, NaN, -0.2138, -0.0546, NaN, 0.0989, 0.1839, 0.2291, -0.0546, -0.0932, 0.1665, NaN, 0.0086, -0.5194, 0.2722, -0.1335, -0.2138, -0.03
-0.0361, -0.1008, 0.1659, 0.1498, NaN, -0.3782, 0.0184, 0.1408, 0.0691, -0.1813, -0.1733, NaN, 0.1654, -0.5654, 0.1263, 0.0361, -0.0842, -0.0184, 0.5654, -0.352, 0.1895, -0.0638, 0.1342, 0.0361, -0.1895, -0.1742, 0.0361, -0.0742, 0.5654, 0.1103, -0.1103, 0.0361, NaN, -0.0745, 0.0691, 0.1263, 0.0361, -0.0516, 0.215, 0.0638, -0.1263, 0.03, 1, -0.0933, -0.32, 0.0638, -0.2359, 0.0745, -0.1263, 0.142, -0.1184, -0.0516, 0.0361, 0.2021, 0.0243, 0.1263, -0.0742, NaN, -0.0516, 0.3227, 0.1654, 0.1576, 0.1492, NaN, -0.1654, -0.0344, NaN, -0.1342, 0.0745, -0.0361, -0.0344, 0.1659, 0.1498, NaN, 0.1342, 0.1184, -0.1654, 0.1019, 0.2021, 0.0638
-0.0528, 0.173, -0.1364, 0.0786, NaN, 0.0754, 0.4298, 0.0284, -0.1961, -0.1351, 0.2744, NaN, -0.0269, 0.0528, 0.1846, 0.0528, 0.0821, -0.2955, -0.0528, -0.3846, 0.0205, 0.425, -0.5467, 0.0528, 0.4924, 0.0052, 0.0528, -0.2316, -0.0528, 0.1612, 0.1746, 0.0528, NaN, 0.118, 0.5467, -0.3142, 0.0528, -0.0754, -0.4339, 0.0933, -0.0308, 0.5922, -0.0933, 1, 0.173, 0.0933, 0.1089, 0.1089, -0.0308, -0.0807, 0.1474, -0.0754, 0.0528, -0.2417, 0.2891, -0.4308, -0.2316, NaN, -0.0754, 0.2181, 0.1074, 0.0932, -0.2891, NaN, -0.1074, -0.0503, NaN, -0.1961, 0.1089, 0.3869, 0.201, -0.1364, 0.2189, NaN, -0.101, -0.4678, 0.5641, -0.2058, -0.2417, -0.1659
0.0669, -0.084, 0.173, -0.2777, NaN, 0.17, 0.0795, -0.261, -0.0025, 0.1165, 0.0982, NaN, -0.1931, -0.0669, 0.026, -0.0669, 0.1562, -0.1931, 0.0669, 0.3231, 0.0824, 0.1184, 0.0025, -0.0669, 0.026, 0.3231, -0.0669, 0.0333, -0.3049, -0.2045, 0.2045, -0.0669, NaN, 0.1382, -0.3795, -0.0232, 0.3049, -0.17, -0.1877, -0.1184, 0.2343, -0.0557, -0.32, 0.173, 1, -0.1184, 0.2456, 0.0537, 0.2343, -0.2633, -0.0515, -0.4357, -0.0669, 0.0795, 0.1695, 0.026, 0.1375, NaN, -0.17, -0.4912, 0.0341, -0.1762, -0.384, NaN, 0.3067, -0.0425, NaN, -0.0025, 0.0537, 0.0669, 0.0638, 0.0128, -0.2777, NaN, -0.1232, 0.187, 0.3067, -0.189, -0.1477, 0.1008
0.0361, 0.32, 0.0933, 0.4262, NaN, -0.0516, -0.2021, 0.1019, 0.1342, -0.1742, -0.1878, NaN, 0.3859, -0.0361, -0.1263, -0.0361, -0.1965, -0.1654, 0.0361, -0.1813, 0.3369, 0.0638, -0.1342, -0.0361, -0.3369, -0.0036, -0.0361, -0.263, 0.0361, -0.1103, -0.1195, -0.0361, NaN, 0.0745, 0.1342, 0.215, -0.0361, 0.0516, 0.1263, 0.6454, -0.2948, 0.1576, 0.0638, 0.0933, -0.1184, 1, -0.0745, 0.2359, -0.0842, 0.0552, -0.32, 0.0516, -0.0361, 0.1654, 0.1492, -0.1263, 0.2427, NaN, 0.0516, 0.1978, 0.0184, 0.03, -0.1492, NaN, -0.0184, -0.3094, NaN, 0.1342, -0.0745, 0.0361, 0.2063, -0.1659, -0.1498, NaN, 0.0691, -0.1184, -0.0184, 0.1408, 0.1654, -0.0638
0.0421, -0.1382, 0.1089, -0.0067, NaN, 0.316, 0.193, -0.3059, -0.3773, 0.056, 0.2023, NaN, 0.1287, -0.0421, -0.1474, 0.4845, 0.0983, 0.1287, 0.0421, 0.0996, 0.086, -0.2359, -0.1566, -0.0421, 0.0676, 0.2552, -0.0421, -0.1594, -0.4845, 0.0724, -0.0724, -0.0421, NaN, 0.087, -0.3773, 0.1016, 0.4845, 0.0602, 0.0478, -0.0745, -0.0369, -0.1445, -0.2359, 0.1089, 0.2456, -0.0745, 1, 0.1848, -0.0369, 0.1795, -0.0537, -0.316, -0.0421, -0.2896, 0.0729, 0.0369, -0.1594, NaN, -0.316, -0.0729, -0.0322, 0.1445, -0.0729, NaN, 0.0322, -0.0602, NaN, -0.0214, 0.1848, 0.0421, -0.0602, -0.118, -0.0067, NaN, 0.1993, -0.1382, 0.0322, 0.0935, -0.1287, -0.0745
0.0421, -0.1382, 0.1089, -0.0067, NaN, -0.0602, 0.193, 0.119, -0.1993, 0.056, 0.2023, NaN, 0.1287, -0.0421, -0.1474, -0.0421, -0.1474, 0.1287, 0.0421, -0.056, 0.086, 0.0745, 0.0214, -0.0421, 0.0676, 0.0996, -0.0421, -0.0118, 0.0421, -0.1287, -0.2735, -0.0421, NaN, 0.087, -0.0214, -0.0478, 0.4845, -0.316, -0.1016, -0.0745, 0.1474, 0.1839, 0.0745, 0.1089, 0.0537, 0.2359, 0.1848, 1, -0.0369, 0.0069, 0.1382, -0.316, 0.4845, -0.2896, 0.0729, 0.2212, -0.1594, NaN, -0.316, 0.079, -0.0322, 0.1445, 0.079, NaN, 0.0322, -0.0602, NaN, 0.1566, 0.4565, 0.0421, 0.0903, -0.118, -0.0067, NaN, 0.1993, -0.1382, 0.0322, 0.0935, 0.0322, -0.0745
-0.0714, 0.2343, -0.1846, -0.5016, NaN, -0.1531, -0.2182, 0.0865, -0.2655, 0.4855, -0.2358, NaN, -0.4364, 0.0714, 0, 0.0714, 0.5, 0.2182, -0.0714, 0.3589, -0.25, 0.2948, 0.2655, 0.0714, 0.25, -0.4855, -0.2857, 0.4203, -0.0714, 0.2182, 0.6001, 0.0714, NaN, -0.1474, -0.2655, -0.2229, 0.0714, -0.1021, -0.4863, 0.1263, 0.25, -0.0891, -0.1263, -0.0308, 0.2343, -0.0842, -0.0369, -0.0369, 1, -0.4215, 0.026, -0.1021, 0.0714, -0.2182, 0.3914, 0.125, -0.1801, NaN, -0.1021, -0.3914, -0.6547, -0.4677, -0.3914, NaN, 0.6547, 0.3062, NaN, -0.2655, 0.1474, -0.0714, -0.3062, 0.5847, 0.2964, NaN, -0.4587, 0.1041, 0.6547, -0.6628, -0.3273, 0.1263
0.0803, -0.2633, 0.0634, 0.3075, NaN, -0.1147, 0.1635, -0.3131, -0.0407, -0.0909, 0.3855, NaN, 0.3474, -0.0803, -0.281, 0.2542, -0.5932, -0.0613, 0.0803, -0.1068, 0.2615, -0.2524, -0.1854, 0.2542, -0.359, 0.4864, -0.0803, -0.1162, 0.0803, 0.2657, -0.6489, -0.0803, NaN, 0.1657, 0.0724, 0.0987, -0.0803, 0.1147, 0.2808, -0.142, 0.0468, 0.0375, 0.142, -0.0807, -0.2633, 0.0552, 0.1795, 0.0069, -0.4215, 1, -0.2243, 0.1147, -0.0803, -0.1431, -0.054, -0.281, 0.2587, NaN, 0.1147, 0.1505, 0.4496, 0.2753, 0.4399, NaN, -0.4496, -0.3059, NaN, 0.1854, 0.1795, 0.0803, -0.0191, -0.3689, -0.0128, NaN, 0.6059, -0.2633, -0.4496, 0.718, -0.0409, 0.0552
-0.0669, -0.187, -0.173, -0.197, NaN, 0.0956, 0.2613, 0.7111, -0.2488, 0.2132, 0.2366, NaN, -0.1477, 0.0669, 0.1041, 0.0669, -0.1562, 0.1931, -0.0669, 0.0066, -0.2993, 0.32, 0.1232, 0.0669, 0.6247, -0.3231, 0.0669, 0.1751, -0.0669, -0.0795, 0.0795, 0.0669, NaN, -0.1382, -0.1232, -0.1877, 0.0669, 0.17, -0.1287, -0.32, 0.2863, 0.1716, -0.1184, 0.1474, -0.0515, -0.32, -0.0537, 0.1382, 0.026, -0.2243, 1, -0.0956, 0.0669, -0.0795, -0.2767, 0.1041, -0.4501, NaN, -0.0956, 0.1695, -0.3749, 0.0603, 0.0622, NaN, 0.1477, 0.4676, NaN, -0.1232, -0.2456, 0.3049, 0.0425, -0.173, 0.2777, NaN, -0.0025, -0.187, 0.0341, -0.111, -0.0795, 0.1184
-0.0292, 0.0956, -0.0754, 0.121, NaN, 0.0417, -0.1336, -0.0824, 0.138, 0.0689, -0.14, NaN, -0.0891, 0.0292, 0.1021, 0.0292, -0.068, 0.1336, -0.0292, -0.0689, -0.2722, -0.0516, 0.1084, 0.0292, -0.1531, -0.0689, 0.0292, 0.0082, -0.0292, 0.0891, -0.0891, 0.0292, NaN, -0.0602, 0.3844, -0.1737, -0.6999, -0.0417, -0.0331, 0.0516, -0.1021, -0.1273, -0.0516, -0.0754, -0.4357, 0.0516, -0.316, -0.316, -0.1021, 0.1147, -0.0956, 1, 0.0292, 0.0891, -0.0505, -0.1531, 0.0082, NaN, 0.4792, 0.2607, -0.0891, -0.1, 0.2607, NaN, -0.1336, 0.25, NaN, -0.1084, -0.316, -0.0292, 0.0417, -0.0754, 0.121, NaN, -0.138, 0.0956, -0.1336, 0.0824, -0.1336, -0.3782
0.0204, -0.0669, 0.0528, -0.0847, NaN, -0.0292, 0.0935, 0.0576, 0.0759, -0.199, 0.098, NaN, -0.0935, -0.0204, -0.0714, -0.0204, 0.0476, 0.2182, 0.0204, -0.1025, -0.1071, 0.0361, -0.0759, -0.0204, 0.1071, -0.1025, -0.0204, 0.1373, 0.0204, -0.0623, -0.3273, -0.0204, NaN, 0.0421, 0.0759, -0.1679, -0.0204, 0.0292, -0.1216, -0.0361, 0.0714, 0.0891, 0.0361, 0.0528, -0.0669, -0.0361, -0.0421, 0.4845, 0.0714, -0.0803, 0.0669, 0.0292, 1, -0.2182, -0.1118, -0.0714, -0.1487, NaN, 0.0292, 0.1118, -0.0935, -0.0891, 0.1118, NaN, 0.0935, 0.1166, NaN, 0.0759, 0.4845, 0.0204, 0.1166, 0.0528, -0.0847, NaN, 0.269, -0.0669, 0.0935, -0.0576, 0.0935, -0.0361
-0.0935, 0.0795, 0.1612, 0.388, NaN, -0.3118, -0.3333, 0.1132, 0.6005, -0.3777, -0.4491, NaN, 0.3333, -0.2182, 0.2182, -0.2182, -0.2182, -0.5238, 0.2182, 0.0092, 0.2182, -0.1654, 0.137, -0.2182, -0.3091, 0.1013, -0.2182, -0.2795, 0.2182, -0.6667, -0.1667, 0.0935, NaN, -0.193, -0.0316, 0.3272, -0.2182, 0.0891, 0.3802, 0.1654, -0.3273, -0.311, 0.2021, -0.2417, 0.0795, 0.1654, -0.2896, -0.2896, -0.2182, -0.1431, -0.0795, 0.0891, -0.2182, 1, -0.2967, -0.1091, 0.4193, NaN, 0.3118, -0.0629, 0.2381, 0.311, -0.3327, NaN, -0.1429, -0.1782, NaN, -0.2423, -0.4504, -0.0935, 0.4454, -0.1074, -0.4079, NaN, 0.0316, 0.3067, -0.3333, 0.2641, 0.5238, -0.0184
0.1118, 0.2767, 0.1623, 0.0056, NaN, 0.0505, -0.1169, -0.2779, -0.2805, 0.04, -0.2579, NaN, 0.027, -0.1118, -0.2884, -0.1118, 0.261, 0.027, 0.1118, 0.047, -0.0721, 0.1978, 0.0816, 0.1825, 0.0721, -0.04, -0.1118, 0.0924, -0.1825, 0.2203, 0.3417, -0.1118, NaN, -0.2248, 0.1174, -0.0852, 0.1825, -0.2607, -0.4992, 0.3227, -0.1236, 0.0294, 0.0243, 0.2891, 0.1695, 0.1492, 0.0729, 0.0729, 0.3914, -0.054, -0.2767, -0.0505, -0.1118, -0.2967, 1, -0.0824, -0.0726, NaN, -0.0505, -0.1511, -0.1529, -0.1211, -0.1511, NaN, 0.3327, 0.0505, NaN, -0.181, 0.2248, 0.1118, -0.1178, 0.1623, 0.1935, NaN, -0.4158, -0.1523, 0.4226, -0.3159, -0.2967, -0.0243
0.0714, -0.2343, 0.1846, -0.1824, NaN, -0.1021, -0.1091, 0.2017, -0.0966, 0.2533, -0.1929, NaN, -0.2182, -0.0714, -0.25, -0.0714, 0.1667, 0.5455, 0.0714, 0.1689, -0.1667, -0.0842, 0.4587, -0.0714, -0.25, -0.2533, -0.0714, 0.0801, 0.0714, 0.0546, 0.2182, -0.0714, NaN, -0.0369, -0.4587, 0.2229, 0.2857, -0.1531, 0.081, -0.1263, 0.25, -0.245, 0.1263, -0.4308, 0.026, -0.1263, 0.0369, 0.2212, 0.125, -0.281, 0.1041, -0.1531, -0.0714, -0.1091, -0.0824, 1, -0.02, NaN, -0.4082, -0.1236, -0.2182, -0.0891, 0.2884, NaN, 0.2182, 0.1021, NaN, 0.1448, 0.0369, -0.2857, -0.4082, 0.0308, 0.0456, NaN, -0.2655, 0.5466, -0.2182, -0.2017, 0.1091, -0.1263
0.1487, 0.3459, 0.2612, 0.5695, NaN, -0.2125, -0.5416, -0.2723, 0.5528, -0.4361, -0.3158, NaN, 0.4543, 0.1373, -0.3203, -0.1487, -0.3203, -0.332, -0.1373, 0.098, 0.2202, -0.2427, -0.0696, -0.1487, -0.6372, 0.3516, -0.1487, -0.3622, 0.1487, -0.2359, -0.3101, 0.1373, NaN, 0.0118, -0.0271, 0.5613, -0.1487, 0.0082, 0.2498, 0.0742, -0.2802, -0.1534, -0.0742, -0.2316, 0.1375, 0.2427, -0.1594, -0.1594, -0.1801, 0.2587, -0.4501, 0.0082, -0.1487, 0.4193, -0.0726, -0.02, 1, NaN, 0.2125, -0.5872, 0.3669, 0.3317, -0.0924, NaN, -0.1048, -0.4576, NaN, -0.0271, -0.0118, -0.1373, 0.1961, -0.2316, -0.617, NaN, 0.2203, 0.2417, -0.2795, 0.3876, 0.332, 0.0742
NaN, NaN, NaN, NaN, NaN, NaN, NaN, NaN, NaN, NaN, NaN, NaN, NaN, NaN, NaN, NaN, NaN, NaN, NaN, NaN, NaN, NaN, NaN, NaN, NaN, NaN, NaN, NaN, NaN, NaN, NaN, NaN, NaN, NaN, NaN, NaN, NaN, NaN, NaN, NaN, NaN, NaN, NaN, NaN, NaN, NaN, NaN, NaN, NaN, NaN, NaN, NaN, NaN, NaN, NaN, NaN, NaN, 1, NaN, NaN, NaN, NaN, NaN, NaN, NaN, NaN, NaN, NaN, NaN, NaN, NaN, NaN, NaN, NaN, NaN, NaN, NaN, NaN, NaN, NaN
-0.0292, 0.0956, -0.0754, 0.121, NaN, 0.0417, -0.1336, -0.0824, 0.138, -0.1465, -0.14, NaN, -0.0891, 0.0292, 0.1021, 0.0292, -0.068, -0.0891, -0.0292, 0.1465, -0.2722, -0.0516, 0.1084, 0.0292, -0.1531, -0.0689, 0.0292, 0.2125, -0.0292, -0.1893, -0.0891, 0.0292, NaN, -0.0602, 0.138, -0.1737, -0.6999, -0.0417, 0.1737, 0.0516, -0.1021, -0.1273, -0.0516, -0.0754, -0.17, 0.0516, -0.316, -0.316, -0.1021, 0.1147, -0.0956, 0.4792, 0.0292, 0.3118, -0.0505, -0.4082, 0.2125, NaN, 1, 0.0505, 0.1336, -0.1, 0.0505, NaN, -0.1336, 0.0417, NaN, -0.1084, -0.316, -0.0292, 0.0417, -0.0754, -0.1117, NaN, 0.1084, 0.0956, -0.1336, 0.0824, -0.1336, 0.0516
-0.1118, -0.2767, -0.1623, 0.0883, NaN, -0.0505, 0.4766, 0.2779, -0.2168, -0.04, 0.2579, NaN, -0.027, -0.1825, 0.1854, 0.1118, -0.1236, 0.1529, 0.1825, -0.3949, 0.1579, -0.0243, -0.0816, 0.1118, 0.1854, -0.2209, 0.1118, -0.0099, 0.1825, 0.1169, -0.2293, -0.1825, NaN, 0.0729, 0.38, -0.2488, -0.1825, 0.0505, 0.1653, 0.1978, 0.0206, 0.2459, 0.3227, 0.2181, -0.4912, 0.1978, -0.0729, 0.079, -0.3914, 0.1505, 0.1695, 0.2607, 0.1118, -0.0629, -0.1511, -0.1236, -0.5872, NaN, 0.0505, 1, 0.0629, 0.0294, 0.3209, NaN, -0.3327, 0.0336, NaN, 0.181, -0.2248, 0.1825, 0.0336, -0.1623, 0.4641, NaN, 0.2168, -0.2767, -0.1529, 0.1971, -0.0629, -0.1492
0.0935, -0.1931, 0.2417, 0.3084, NaN, -0.1336, 0.1429, -0.4905, 0.3477, -0.4514, 0.0748, NaN, 0.2381, -0.0935, 0, -0.0935, -0.3637, -0.3333, 0.0935, -0.1935, 0.4183, -0.2021, -0.3477, -0.0935, -0.4183, 0.6357, -0.0935, -0.332, 0.0935, -0.0476, -0.4286, -0.0935, NaN, 0.193, 0.2423, 0.115, -0.0935, -0.0891, 0.4156, -0.1654, -0.1091, 0.0194, 0.1654, 0.1074, 0.0341, 0.0184, -0.0322, -0.0322, -0.6547, 0.4496, -0.3749, -0.0891, -0.0935, 0.2381, -0.1529, -0.2182, 0.3669, NaN, 0.1336, 0.0629, 1, 0.2722, 0.1529, NaN, -0.619, -0.6236, NaN, 0.2423, 0.1287, 0.0935, 0.0891, -0.4298, -0.388, NaN, 0.3898, 0.1477, -0.4286, 0.4905, 0.2381, 0.0184
0.0891, 0.1716, 0.2303, 0.7474, NaN, -0.1273, -0.0778, -0.0051, 0.0086, -0.4927, -0.0497, NaN, 0.661, -0.0891, -0.0891, -0.0891, -0.386, -0.311, 0.0891, -0.4476, 0.2747, -0.2176, -0.3312, -0.0891, -0.0891, 0.2106, -0.0891, -0.6491, 0.0891, -0.2722, -0.4568, 0.2291, NaN, -0.1445, 0.2237, 0.3502, 0.2291, 0.1273, 0.2816, -0.1576, -0.3563, 0.0913, 0.1576, 0.0932, -0.1762, 0.03, 0.1445, 0.1445, -0.4677, 0.2753, 0.0603, -0.1, -0.0891, 0.311, -0.1211, -0.0891, 0.3317, NaN, -0.1, 0.0294, 0.2722, 1, -0.1542, NaN, -0.2722, -0.3091, NaN, -0.2065, -0.0197, 0.0891, 0.2364, -0.4551, -0.2681, NaN, 0.314, -0.1762, -0.2722, 0.5186, 0.311, -0.1576
0.1825, -0.384, 0.0913, -0.0996, NaN, -0.0505, 0.2068, 0.0404, -0.0179, 0.134, 0.2579, NaN, -0.1169, 0.1118, -0.3296, 0.1118, -0.261, 0.4226, -0.1118, 0.04, -0.1854, -0.1978, 0.4158, 0.1118, -0.2438, 0.04, 0.1118, 0.1551, 0.1825, 0.3417, -0.3417, -0.1825, NaN, 0.0729, -0.1174, 0.0852, -0.1825, 0.0505, 0.2488, -0.1492, 0.2266, -0.1211, 0.1492, -0.2891, -0.384, -0.1492, -0.0729, 0.079, -0.3914, 0.4399, 0.0622, 0.2607, 0.1118, -0.3327, -0.1511, 0.2884, -0.0924, NaN, 0.0505, 0.3209, 0.1529, -0.1542, 1, NaN, -0.2428, 0.1178, NaN, 0.2805, 0.079, -0.1118, -0.2187, -0.1623, 0.1822, NaN, 0.3163, 0.045, -0.5125, 0.3159, -0.0629, 0.0243
NaN, NaN, NaN, NaN, NaN, NaN, NaN, NaN, NaN, NaN, NaN, NaN, NaN, NaN, NaN, NaN, NaN, NaN, NaN, NaN, NaN, NaN, NaN, NaN, NaN, NaN, NaN, NaN, NaN, NaN, NaN, NaN, NaN, NaN, NaN, NaN, NaN, NaN, NaN, NaN, NaN, NaN, NaN, NaN, NaN, NaN, NaN, NaN, NaN, NaN, NaN, NaN, NaN, NaN, NaN, NaN, NaN, NaN, NaN, NaN, NaN, NaN, NaN, 1, NaN, NaN, NaN, NaN, NaN, NaN, NaN, NaN, NaN, NaN, NaN, NaN, NaN, NaN, NaN, NaN
