1, -0.3589, 0.0689, 0.1025, 0.1555, -0.199, -0.2132, 0.2447, -0.2209, 0.0996, -0.1773, NaN, -0.1865, 0.2264, 0.0052, -0.0689, NaN, 0.0036, 0.0689, 0.0092, 0.056, NaN, 0.1742, NaN, 0.1068, -0.4405, 0.0985, -0.0558, -0.2626, NaN, -0.0996, 0.1284, 0.1742, 0.1284, -0.1979, 0.199, 0.199, -0.0689, 0.199, 0.265, 0.1654, 0.2896, -0.0689, -0.1813, -0.1068, 0.2264, NaN, -0.1935, -0.0689, -0.1981, -0.0226, -0.0036, -0.0408, 0.3589, -0.2117, 0.3245, -0.267, 0.0996, 0.2117, -0.1068, NaN, 0.0829, -0.1465, -0.1025, 0.2392, 0.1465, -0.4644, 0.3188, -0.2109, -0.4924, 0.0909, 0.4033, -0.1813, -0.0226, NaN, -0.199, 0.2392, 0.0996, 0.1742, NaN, 0.1679, 0.0036, 0.3292, 0.0422, 0.1025, 0.1898, 0.0689, 0.1025, 0.0829, -0.3323, 0.199, -0.2844, -0.1465, 0.0689, -0.3363, -0.1773, -0.1033, NaN, -0.056, NaN
-0.3589, 1, -0.1021, 0.0714, -0.2802, 0.0714, 0.2343, -0.0203, -0.0206, -0.1474, -0.0241, NaN, 0.1458, -0.2863, 0.0308, 0.1021, NaN, 0.1263, -0.1021, 0, -0.0369, NaN, -0.1263, NaN, 0.281, 0.2017, 0, -0.1596, 0.2182, NaN, -0.0369, -0.0241, 0.0842, -0.0241, 0.3589, -0.0714, -0.0714, 0.1021, -0.0714, -0.1231, 0.0417, -0.3747, -0.1531, -0.1263, 0.4215, 0.2343, NaN, 0.2182, -0.1531, 0.1909, 0.0891, -0.1263, -0.141, -0.125, 0.0369, -0.1801, 0.3203, -0.1474, -0.2212, 0.0702, NaN, 0.0818, 0.4082, -0.0714, 0.1667, -0.1531, 0.1667, -0.2017, 0.1612, 0.5145, -0.0468, -0.0702, 0.2948, 0.0891, NaN, 0.0714, 0, 0.2212, -0.1263, NaN, -0.2306, 0.1263, -0.1596, 0.1667, 0.0714, -0.0468, -0.1021, 0.0714, -0.1909, 0.2655, -0.0714, 0.1021, 0.1531, 0.1531, 0.6768, 0.0966, -0.2863, NaN, -0.1474, NaN
0.0689, -0.1021, 1, 0.0292, 0.0082, 0.0292, 0.0956, 0.0331, -0.0505, -0.0602, 0.3844, NaN, 0.0595, 0.0956, 0.0754, -0.4792, NaN, 0.0516, -0.0417, 0.1336, 0.0602, NaN, -0.0516, NaN, 0.1147, -0.2118, 0.068, 0.121, 0.0891, NaN, 0.0602, 0.138, -0.0516, -0.1084, -0.0689, -0.0292, -0.0292, 0.0417, -0.0292, 0.0754, 0.0595, 0.0824, 0.0417, -0.0516, -0.1147, 0.0956, NaN, -0.1336, 0.0417, -0.0891, 0.1273, -0.0516, 0.0247, 0.1021, -0.0602, 0.0082, 0.0082, -0.0602, 0.0602, -0.1147, NaN, -0.1893, -0.0417, -0.0292, 0.068, 0.0417, -0.2722, -0.0824, -0.1809, 0.0788, -0.1147, -0.1243, -0.0516, 0.1273, NaN, 0.0292, 0.068, -0.0602, 0.3782, NaN, 0.0824, 0.0516, 0.121, 0.6124, 0.0292, 0.1243, -0.0417, 0.0292, -0.1893, -0.138, -0.0292, 0.0417, -0.0417, -0.0417, 0.17, -0.1084, 0.0956, NaN, 0.316, NaN
0.1025, 0.0714, 0.0292, 1, 0.1373, -0.0204, -0.0669, 0.1216, -0.1118, 0.0421, 0.0759, NaN, -0.1905, -0.0669, -0.0528, -0.0292, NaN, -0.0361, 0.0292, 0.2182, -0.0421, NaN, 0.0361, NaN, -0.0803, -0.0576, -0.0476, -0.0847, -0.0623, NaN, -0.0421, -0.269, 0.0361, 0.0759, 0.199, 0.0204, 0.0204, -0.0292, 0.0204, -0.0528, 0.1071, -0.0576, -0.0292, 0.0361, 0.0803, -0.0669, NaN, 0.0935, -0.0292, 0.0623, -0.0891, 0.0361, -0.1612, -0.0714, 0.0421, 0.1373, -0.1487, 0.0421, -0.0421, 0.0803, NaN, -0.0623, 0.0292, 0.0204, -0.0476, -0.0292, -0.0476, 0.0576, 0.1266, 0.098, 0.0803, -0.0803, 0.0361, -0.0891, NaN, -0.0204, -0.0476, 0.0421, 0.0361, NaN, -0.0576, -0.0361, -0.0847, 0.0476, -0.0204, 0.0803, 0.0292, -0.0204, -0.0623, -0.0759, 0.0204, -0.0292, 0.0292, 0.0292, 0.0669, 0.0759, -0.0669, NaN, 0.0421, NaN
0.1555, -0.2802, 0.0082, 0.1373, 1, -0.1487, -0.4877, 0.2368, -0.32, 0.0118, -0.0271, NaN, -0.4704, 0.3459, 0.1084, -0.2125, NaN, 0.0742, -0.1961, 0.1048, 0.1358, NaN, -0.2427, NaN, -0.21, -0.1892, 0.1868, -0.0694, -0.3451, NaN, -0.1594, 0.0696, -0.0742, 0.2629, -0.3245, 0.1487, 0.1487, 0.1961, -0.1373, -0.0148, 0.03, 0.1569, 0.1961, 0.263, -0.3524, -0.0709, NaN, 0.0699, -0.2125, -0.2009, -0.2033, -0.2427, -0.1258, -0.3203, 0.0118, 0.6795, -0.2821, -0.1358, 0.2833, 0.3037, NaN, 0.0917, 0.0082, -0.1373, -0.0801, -0.0082, -0.2135, 0.4199, 0.2774, -0.23, -0.165, -0.0225, -0.0742, -0.2033, NaN, -0.1487, 0.3203, -0.2833, 0.0944, NaN, 0.1569, -0.0944, 0.2957, -0.0534, 0.1373, 0.0225, -0.1961, 0.1373, 0.0917, -0.0696, 0.1487, -0.2125, -0.1961, 0.2125, -0.2417, -0.1237, 0.1375, NaN, 0.1594, NaN
-0.199, 0.0714, 0.0292, -0.0204, -0.1487, 1, -0.0669, 0.1216, -0.1118, 0.0421, 0.0759, NaN, 0.1071, -0.0669, 0.3869, -0.0292, NaN, 0.5654, 0.0292, 0.2182, -0.0421, NaN, 0.0361, NaN, 0.2542, -0.0576, -0.0476, -0.0847, -0.0623, NaN, -0.0421, 0.0759, -0.5654, 0.0759, 0.199, 0.0204, 0.0204, -0.0292, 0.0204, -0.0528, 0.1071, -0.0576, -0.0292, 0.0361, 0.0803, -0.0669, NaN, -0.2182, -0.0292, 0.0623, -0.0891, 0.0361, 0.1266, -0.0714, 0.0421, -0.1487, 0.1373, 0.0421, -0.0421, 0.0803, NaN, -0.0623, 0.0292, 0.0204, -0.0476, -0.0292, -0.0476, 0.0576, -0.1612, 0.098, 0.0803, -0.0803, 0.0361, 0.2291, NaN, -0.0204, -0.0476, 0.0421, -0.5654, NaN, -0.0576, 0.5654, -0.0847, 0.0476, -0.0204, 0.0803, 0.0292, -0.0204, -0.0623, 0.269, 0.0204, -0.0292, 0.0292, 0.0292, 0.0669, -0.269, -0.0669, NaN, 0.0421, NaN
-0.2132, 0.2343, 0.0956, -0.0669, -0.4877, -0.0669, 1, -0.2342, 0.2767, 0.1382, 0.1232, NaN, 0.3514, -0.2195, -0.0128, -0.0956, NaN, -0.1184, 0.0956, -0.3067, 0.0537, NaN, 0.1184, NaN, -0.1414, 0.5611, 0.0174, 0.0783, 0.6475, NaN, -0.1382, 0.1232, 0.1184, -0.5052, 0.3231, -0.3049, -0.3049, -0.0956, 0.0669, -0.0128, -0.0824, -0.189, -0.0956, -0.32, 0.1414, -0.084, NaN, 0.0795, -0.0956, 0.0625, 0.4035, 0.1184, 0.3104, 0.026, 0.1382, -0.3835, 0.0333, -0.0537, -0.1382, -0.1024, NaN, -0.0625, 0.0956, 0.0669, -0.1562, 0.17, 0.1909, -0.5611, -0.0042, 0.2098, 0.1414, -0.1414, -0.1008, -0.2922, NaN, 0.3049, -0.1562, 0.1382, 0.1184, NaN, -0.039, -0.1184, -0.159, 0.1562, -0.0669, -0.3462, 0.0956, -0.0669, -0.2045, 0.3795, -0.3049, 0.17, 0.0956, -0.17, 0.2195, 0.1232, -0.2195, NaN, 0.1382, NaN
0.2447, -0.0203, 0.0331, 0.1216, 0.2368, 0.1216, -0.2342, 1, -0.5026, -0.2509, 0.135, NaN, -0.4694, 0.0823, 0.3142, -0.0331, NaN, 0.0444, 0.2399, 0.3802, 0.2509, NaN, -0.215, NaN, 0.0038, -0.4741, 0.0135, -0.2347, -0.2918, NaN, -0.3465, -0.0606, 0.1263, 0.5263, 0.012, 0.1679, 0.1679, 0.1737, -0.1216, -0.3093, 0.2904, -0.2406, 0.1737, -0.215, -0.0987, 0.0823, NaN, -0.2918, -0.0331, 0.0707, -0.2816, 0.1263, -0.3461, 0.1216, -0.1016, 0.3991, -0.1687, 0.1972, -0.0478, -0.0987, NaN, 0.2609, 0.0331, -0.1216, 0.0135, 0.1737, -0.3917, 0.3574, -0.0196, -0.2363, -0.1936, 0.0038, -0.0444, -0.0108, NaN, -0.1679, 0.1486, 0.0478, -0.0444, NaN, -0.007, 0.215, 0.2273, 0.2566, 0.1216, 0.3757, 0.2399, 0.1216, -0.1813, -0.2328, 0.1679, -0.0331, -0.1737, 0.0331, -0.1877, -0.1585, -0.0232, NaN, -0.2509, NaN
-0.2209, -0.0206, -0.0505, -0.1118, -0.32, -0.1118, 0.2767, -0.5026, 1, 0.079, -0.0816, NaN, 0.4155, -0.3668, -0.1623, -0.1598, NaN, -0.1978, -0.0505, -0.2428, -0.079, NaN, 0.1978, NaN, -0.054, 0.3966, 0.0137, 0.0996, 0.3327, NaN, 0.3767, 0.0179, 0.0243, -0.4794, -0.04, -0.1825, -0.1825, 0.0505, 0.1118, 0.0913, -0.1854, -0.0784, 0.0505, 0.1978, 0.1505, -0.045, NaN, 0.3327, -0.1598, -0.1079, 0.3377, 0.1978, 0.2789, 0.2266, 0.079, -0.4025, 0.3398, 0.079, -0.2309, -0.1389, NaN, -0.2293, -0.2607, 0.1118, -0.1236, 0.0505, 0.4258, -0.3966, -0.0531, 0.3604, 0.1505, -0.054, -0.1492, -0.0294, NaN, 0.1825, 0.0137, -0.0729, 0.1978, NaN, -0.1971, -0.1978, -0.1822, -0.2884, -0.1118, -0.1389, -0.0505, -0.1118, -0.0045, 0.181, -0.1825, 0.2607, -0.0505, 0.1598, 0.045, 0.1174, 0.1695, NaN, 0.079, NaN
0.0996, -0.1474, -0.0602, 0.0421, 0.0118, 0.0421, 0.1382, -0.2509, 0.079, 1, -0.1566, NaN, 0.3932, -0.0537, 0.1089, 0.0602, NaN, -0.2359, -0.0602, 0.0322, -0.1848, NaN, -0.0745, NaN, 0.1657, 0.119, 0.0983, 0.1748, 0.1287, NaN, 0.087, 0.0214, -0.0745, -0.1566, -0.0996, -0.0421, -0.0421, 0.0602, -0.0421, 0.1089, -0.2212, 0.119, 0.0602, -0.0745, 0.0069, 0.1382, NaN, -0.0322, 0.0602, 0.0724, 0.0197, -0.0745, 0.1842, 0.1474, 0.1848, -0.1358, -0.1358, -0.087, -0.1848, -0.1657, NaN, -0.2735, -0.0602, 0.4845, 0.0983, 0.0602, 0.0983, -0.119, 0.0356, -0.2023, 0.1795, -0.0069, -0.0745, -0.1445, NaN, 0.0421, 0.0983, -0.087, -0.0745, NaN, 0.119, 0.0745, 0.0067, -0.0983, 0.0421, 0.0069, -0.0602, 0.0421, 0.1287, -0.0214, -0.0421, -0.316, -0.0602, -0.0602, -0.1382, 0.0214, 0.1382, NaN, 0.4565, NaN
-0.1773, -0.0241, 0.3844, 0.0759, -0.0271, 0.0759, 0.1232, 0.135, -0.0816, -0.1566, 1, NaN, 0.004, -0.0025, -0.3982, -0.138, NaN, -0.0691, 0.138, 0.2423, -0.1993, NaN, -0.1342, NaN, 0.1854, 0.0751, -0.3058, -0.1255, 0.2318, NaN, -0.0214, 0.1841, -0.1342, -0.1655, 0.2793, -0.0759, -0.0759, 0.1084, -0.0759, 0.0475, 0.2052, -0.3423, 0.1084, -0.1342, 0.0407, 0.1232, NaN, -0.0316, 0.1084, 0.1633, -0.2065, 0.0691, -0.0817, -0.0966, 0.3773, -0.0271, -0.1237, 0.0214, -0.1993, -0.0724, NaN, -0.295, 0.138, -0.0759, 0.0161, -0.3844, -0.1448, -0.2143, -0.179, 0.2567, 0.2668, -0.3798, 0.0691, 0.0086, NaN, 0.0759, -0.3058, -0.1566, 0.0691, NaN, 0.0751, 0.1342, -0.2355, 0.3058, -0.269, 0.0407, 0.138, 0.0759, -0.6901, -0.0676, -0.0759, 0.1084, -0.1084, -0.1084, -0.1232, 0.4172, 0.1232, NaN, 0.0214, NaN
NaN, NaN, NaN, NaN, NaN, NaN, NaN, NaN, NaN, NaN, NaN, 1, NaN, NaN, NaN, NaN, NaN, NaN, NaN, NaN, NaN, NaN, NaN, NaN, NaN, NaN, NaN, NaN, NaN, NaN, NaN, NaN, NaN, NaN, NaN, NaN, NaN, NaN, NaN, NaN, NaN, NaN, NaN, NaN, NaN, NaN, NaN, NaN, NaN, NaN, NaN, NaN, NaN, NaN, NaN, NaN, NaN, NaN, NaN, NaN, NaN, NaN, NaN, NaN, NaN, NaN, NaN, NaN, NaN, NaN, NaN, NaN, NaN, NaN, NaN, NaN, NaN, NaN, NaN, NaN, NaN, NaN, NaN, NaN, NaN, NaN, NaN, NaN, NaN, NaN, NaN, NaN, NaN, NaN, NaN, NaN, NaN, NaN, NaN, NaN
-0.1865, 0.1458, 0.0595, -0.1905, -0.4704, 0.1071, 0.3514, -0.4694, 0.4155, 0.3932, 0.004, NaN, 1, -0.5162, -0.2359, -0.0595, NaN, 0.014, -0.1531, -0.2364, -0.2396, NaN, -0.014, NaN, 0.4215, 0.3026, -0.1667, 0.3496, 0.3273, NaN, 0.2212, 0.2052, -0.1895, -0.2977, 0.0106, -0.1071, -0.1071, -0.2722, -0.1071, 0.1487, -0.2153, -0.0576, 0.1531, -0.1895, 0.0663, 0.1345, NaN, 0.1455, 0.1531, 0.1273, 0.0965, 0.1614, 0.1746, 0.2708, 0.2396, -0.5538, 0.3636, 0.086, -0.2396, -0.2263, NaN, -0.2409, -0.1531, 0.1905, 0.1111, -0.0595, 0.25, -0.3026, -0.329, 0.3787, 0.2615, -0.0663, -0.014, 0.0037, NaN, 0.1071, -0.0278, -0.2212, -0.014, NaN, -0.0576, 0.1895, -0.2204, -0.1111, -0.1905, 0.0663, -0.1531, -0.1905, -0.1273, 0.0966, -0.1071, -0.0595, -0.1531, -0.1531, 0.0824, 0.2052, 0.2429, NaN, 0.2396, NaN
0.2264, -0.2863, 0.0956, -0.0669, 0.3459, -0.0669, -0.2195, 0.0823, -0.3668, -0.0537, -0.0025, NaN, -0.5162, 1, 0.1474, -0.0956, NaN, 0.1008, 0.0956, 0.1477, 0.2456, NaN, 0.1184, NaN, -0.2633, -0.189, 0.3644, -0.159, -0.2045, NaN, -0.1382, 0.1232, 0.1184, 0.1232, -0.1165, 0.0669, 0.0669, -0.0956, 0.0669, -0.0128, 0.1345, 0.4111, -0.0956, 0.1184, -0.3462, 0.0515, NaN, -0.1477, -0.0956, -0.3635, 0.0557, -0.5392, 0.2056, -0.2343, -0.0537, 0.4501, -0.2793, -0.4375, 0.4375, 0.1414, NaN, 0.3635, 0.0956, 0.0669, 0.1909, 0.17, -0.1562, 0.189, 0.1007, -0.4598, -0.2243, -0.1414, -0.1008, -0.1762, NaN, -0.0669, -0.1562, 0.1382, 0.1184, NaN, 0.111, -0.1184, 0.0783, 0.1562, -0.0669, -0.4681, 0.0956, 0.3049, 0.0795, 0.0025, 0.0669, -0.0956, 0.0956, 0.0956, -0.0515, -0.3795, -0.084, NaN, 0.1382, NaN
0.0052, 0.0308, 0.0754, -0.0528, 0.1084, 0.3869, -0.0128, 0.3142, -0.1623, 0.1089, -0.3982, NaN, -0.2359, 0.1474, 1, -0.0754, NaN, 0.1659, 0.0754, 0.0269, 0.5717, NaN, 0.0933, NaN, -0.0634, -0.149, 0.4924, -0.2189, -0.1612, NaN, -0.1089, 0.0475, -0.1659, 0.1961, -0.1351, 0.0528, 0.0528, -0.0754, 0.0528, -0.1364, -0.1077, 0.0284, -0.0754, 0.0933, -0.0807, -0.173, NaN, -0.1612, -0.0754, -0.3425, 0.318, -0.1659, -0.0446, 0.1231, -0.3448, 0.1084, -0.0148, -0.118, 0.118, -0.0807, NaN, 0.3425, 0.0754, 0.0528, -0.1231, 0.5528, -0.1231, 0.149, -0.0446, -0.1425, -0.513, 0.0807, -0.1659, 0.1809, NaN, -0.0528, 0.2872, 0.1089, -0.1659, NaN, -0.149, 0.1659, 0.4827, 0.1231, 0.3869, -0.0807, 0.0754, -0.0528, 0.3425, 0.2496, 0.0528, -0.0754, 0.0754, 0.0754, 0.173, -0.6953, -0.0128, NaN, 0.1089, NaN
-0.0689, 0.1021, -0.4792, -0.0292, -0.2125, -0.0292, -0.0956, -0.0331, -0.1598, 0.0602, -0.138, NaN, -0.0595, -0.0956, -0.0754, 1, NaN, -0.0516, 0.0417, -0.1336, -0.0602, NaN, 0.0516, NaN, 0.1243, -0.0824, -0.068, -0.121, -0.0891, NaN, -0.0602, -0.138, 0.0516, 0.1084, 0.2844, 0.0292, 0.0292, -0.0417, 0.0292, -0.0754, 0.1531, -0.0824, -0.0417, 0.0516, 0.1147, -0.0956, NaN, -0.0891, 0.4792, 0.0891, -0.1273, 0.0516, -0.2303, -0.1021, 0.0602, -0.0082, -0.0082, 0.0602, -0.0602, -0.1243, NaN, 0.1893, 0.0417, 0.0292, -0.068, -0.0417, -0.068, 0.0824, -0.0247, -0.0788, 0.1147, 0.1243, 0.0516, 0.1, NaN, -0.0292, -0.068, 0.0602, -0.3782, NaN, -0.0824, -0.0516, -0.121, -0.2722, -0.0292, 0.1147, 0.0417, -0.0292, -0.0891, -0.1084, 0.0292, -0.0417, 0.0417, 0.0417, -0.17, 0.1084, -0.0956, NaN, -0.316, NaN
NaN, NaN, NaN, NaN, NaN, NaN, NaN, NaN, NaN, NaN, NaN, NaN, NaN, NaN, NaN, NaN, 1, NaN, NaN, NaN, NaN, NaN, NaN, NaN, NaN, NaN, NaN, NaN, NaN, NaN, NaN, NaN, NaN, NaN, NaN, NaN, NaN, NaN, NaN, NaN, NaN, NaN, NaN, NaN, NaN, NaN, NaN, NaN, NaN, NaN, NaN, NaN, NaN, NaN, NaN, NaN, NaN, NaN, NaN, NaN, NaN, NaN, NaN, NaN, NaN, NaN, NaN, NaN, NaN, NaN, NaN, NaN, NaN, NaN, NaN, NaN, NaN, NaN, NaN, NaN, NaN, NaN, NaN, NaN, NaN, NaN, NaN, NaN, NaN, NaN, NaN, NaN, NaN, NaN, NaN, NaN, NaN, NaN, NaN, NaN
0.0036, 0.1263, 0.0516, -0.0361, 0.0742, 0.5654, -0.1184, 0.0444, -0.1978, -0.2359, -0.0691, NaN, 0.014, 0.1008, 0.1659, -0.0516, NaN, 1, 0.0516, 0.0184, 0.2359, NaN, 0.0638, NaN, 0.0552, -0.1019, -0.0842, -0.1498, -0.1103, NaN, -0.0745, 0.1342, -0.2908, 0.1342, -0.0036, 0.0361, 0.0361, -0.0516, 0.0361, -0.0933, 0.1895, 0.1408, -0.0516, 0.0638, -0.0552, 0.1008, NaN, -0.0184, -0.0516, 0.1103, 0.03, -0.2908, 0.0543, -0.1263, 0.0745, 0.0742, 0.0742, -0.2359, 0.5463, 0.142, NaN, 0.3492, 0.0516, -0.5654, 0.1965, -0.0516, -0.0842, 0.1019, 0.0543, -0.0072, -0.0552, -0.142, 0.0638, 0.03, NaN, -0.0361, -0.0842, 0.0745, -0.2908, NaN, -0.1019, 0.2908, 0.0422, 0.0842, -0.0361, -0.0552, 0.0516, -0.0361, -0.1103, 0.4757, 0.0361, -0.0516, 0.0516, 0.0516, 0.1184, -0.2724, -0.1184, NaN, -0.2359, NaN
0.0689, -0.1021, -0.0417, 0.0292, -0.1961, 0.0292, 0.0956, 0.2399, -0.0505, -0.0602, 0.138, NaN, -0.1531, 0.0956, 0.0754, 0.0417, NaN, 0.0516, 1, -0.0891, 0.0602, NaN, -0.0516, NaN, -0.3632, -0.2118, -0.2722, -0.1117, 0.0891, NaN, 0.0602, 0.138, 0.3782, 0.138, 0.1465, -0.0292, -0.0292, 0.0417, -0.0292, 0.0754, -0.1531, 0.0824, 0.0417, -0.0516, 0.1243, 0.0956, NaN, -0.1336, 0.0417, 0.1893, 0.1273, -0.0516, 0.0247, 0.1021, -0.0602, 0.0082, 0.0082, -0.0602, 0.0602, -0.1147, NaN, 0.0891, -0.0417, -0.0292, 0.068, 0.0417, 0.068, -0.0824, 0.2303, -0.14, -0.1147, -0.1243, -0.0516, -0.1, NaN, 0.0292, -0.2722, -0.0602, 0.3782, NaN, -0.2118, 0.0516, 0.121, -0.068, 0.0292, -0.1147, 1, 0.0292, 0.0891, 0.1084, -0.0292, 0.0417, -0.0417, -0.0417, -0.0956, -0.1084, 0.0956, NaN, -0.0602, NaN
0.0092, 0, 0.1336, 0.2182, 0.1048, 0.2182, -0.3067, 0.3802, -0.2428, 0.0322, 0.2423, NaN, -0.2364, 0.1477, 0.0269, -0.1336, NaN, 0.0184, -0.0891, 1, -0.0322, NaN, 0.1654, NaN, 0.2453, -0.1384, -0.0727, -0.2885, -0.2857, NaN, -0.193, -0.2845, -0.2021, 0.3477, -0.1013, 0.0935, 0.0935, 0.0891, 0.0935, 0.0269, 0.3091, -0.1384, -0.1336, -0.0184, -0.0409, 0.1477, NaN, -0.4286, -0.1336, 0.1667, -0.4082, -0.0184, -0.0352, -0.1091, 0.193, 0.0175, -0.2446, 0.0322, -0.193, 0.0613, NaN, -0.1667, 0.1336, 0.0935, 0.2182, -0.1336, -0.2182, 0.1384, -0.0352, -0.0187, 0.2657, -0.1635, -0.0184, 0.0778, NaN, -0.0935, -0.0727, 0.193, -0.2021, NaN, 0.4905, 0.2021, 0.0099, 0.2182, -0.0935, 0.2657, -0.0891, 0.2182, -0.1667, -0.137, 0.0935, 0.0891, -0.0891, 0.1336, -0.1477, 0.137, -0.0795, NaN, -0.1287, NaN
0.056, -0.0369, 0.0602, -0.0421, 0.1358, -0.0421, 0.0537, 0.2509, -0.079, -0.1848, -0.1993, NaN, -0.2396, 0.2456, 0.5717, -0.0602, NaN, 0.2359, 0.0602, -0.0322, 1, NaN, 0.0745, NaN, -0.1657, -0.119, 0.6389, -0.1748, -0.1287, NaN, -0.087, -0.0214, 0.0745, 0.1566, -0.2117, 0.0421, 0.0421, -0.0602, 0.0421, -0.1089, 0.0676, 0.0935, -0.0602, 0.0745, -0.1795, -0.1382, NaN, -0.1287, -0.0602, -0.4746, 0.1445, -0.2359, -0.0356, 0.0369, 0.087, 0.1358, -0.3069, -0.1848, 0.4565, -0.1795, NaN, 0.6757, 0.0602, -0.4845, -0.0983, 0.6922, -0.0983, 0.119, -0.0356, 0.0443, -0.5247, -0.1657, -0.2359, -0.1839, NaN, -0.0421, -0.0983, 0.087, 0.0745, NaN, -0.119, -0.0745, 0.4975, 0.0983, -0.0421, -0.1795, 0.0602, -0.0421, 0.0724, 0.1993, 0.0421, -0.0602, 0.0602, 0.0602, 0.1382, -0.3773, 0.0537, NaN, -0.1848, NaN
NaN, NaN, NaN, NaN, NaN, NaN, NaN, NaN, NaN, NaN, NaN, NaN, NaN, NaN, NaN, NaN, NaN, NaN, NaN, NaN, NaN, 1, NaN, NaN, NaN, NaN, NaN, NaN, NaN, NaN, NaN, NaN, NaN, NaN, NaN, NaN, NaN, NaN, NaN, NaN, NaN, NaN, NaN, NaN, NaN, NaN, NaN, NaN, NaN, NaN, NaN, NaN, NaN, NaN, NaN, NaN, NaN, NaN, NaN, NaN, NaN, NaN, NaN, NaN, NaN, NaN, NaN, NaN, NaN, NaN, NaN, NaN, NaN, NaN, NaN, NaN, NaN, NaN, NaN, NaN, NaN, NaN, NaN, NaN, NaN, NaN, NaN, NaN, NaN, NaN, NaN, NaN, NaN, NaN, NaN, NaN, NaN, NaN, NaN, NaN
0.1742, -0.1263, -0.0516, 0.0361, -0.2427, 0.0361, 0.1184, -0.215, 0.1978, -0.0745, -0.1342, NaN, -0.014, 0.1184, 0.0933, 0.0516, NaN, 0.0638, -0.0516, 0.1654, 0.0745, NaN, 1, NaN, 0.142, 0.1019, 0.0842, -0.2342, 0.1103, NaN, 0.0745, -0.1342, -0.0638, -0.1342, 0.0036, -0.0361, -0.0361, -0.3782, 0.5654, 0.0933, 0.1614, 0.1019, -0.3782, -0.0638, 0.2524, -0.1008, NaN, 0.0184, 0.0516, -0.1103, 0.1576, -0.0638, 0.285, 0.1263, -0.0745, -0.0742, -0.0742, -0.0745, 0.0745, -0.142, NaN, -0.1195, -0.0516, -0.0361, 0.0842, 0.0516, 0.0842, -0.1019, -0.2239, -0.1733, 0.2524, -0.0552, -0.0638, 0.1576, NaN, 0.0361, 0.0842, 0.5463, -0.0638, NaN, 0.1019, 0.0638, -0.0422, -0.0842, 0.0361, -0.142, -0.0516, 0.0361, 0.1103, 0.1342, -0.0361, 0.0516, -0.0516, -0.0516, -0.1184, -0.1342, -0.1008, NaN, -0.0745, NaN
NaN, NaN, NaN, NaN, NaN, NaN, NaN, NaN, NaN, NaN, NaN, NaN, NaN, NaN, NaN, NaN, NaN, NaN, NaN, NaN, NaN, NaN, NaN, 1, NaN, NaN, NaN, NaN, NaN, NaN, NaN, NaN, NaN, NaN, NaN, NaN, NaN, NaN, NaN, NaN, NaN, NaN, NaN, NaN, NaN, NaN, NaN, NaN, NaN, NaN, NaN, NaN, NaN, NaN, NaN, NaN, NaN, NaN, NaN, NaN, NaN, NaN, NaN, NaN, NaN, NaN, NaN, NaN, NaN, NaN, NaN, NaN, NaN, NaN, NaN, NaN, NaN, NaN, NaN, NaN, NaN, NaN, NaN, NaN, NaN, NaN, NaN, NaN, NaN, NaN, NaN, NaN, NaN, NaN, NaN, NaN, NaN, NaN, NaN, NaN
0.1068, 0.281, 0.1147, -0.0803, -0.21, 0.2542, -0.1414, 0.0038, -0.054, 0.1657, 0.1854, NaN, 0.4215, -0.2633, -0.0634, 0.1243, NaN, 0.0552, -0.3632, 0.2453, -0.1657, NaN, 0.142, NaN, 1, -0.0918, -0.0312, -0.1196, 0.0102, NaN, 0.0069, 0.1854, -0.2524, -0.0407, 0.0909, 0.0803, 0.0803, -0.1147, 0.0803, 0.0807, 0.2263, -0.2267, -0.1147, -0.2524, 0.2061, 0.3462, NaN, -0.2453, 0.1243, 0.1175, -0.2461, 0.142, -0.1623, 0.3044, 0.1657, -0.21, 0.2587, 0.1657, -0.1657, -0.2325, NaN, -0.2453, 0.1147, 0.0803, 0.281, -0.1147, -0.1873, 0.0918, -0.5396, 0.1847, 0.3158, 0.0132, 0.142, 0.3796, NaN, -0.0803, 0.1249, 0.1657, -0.2524, NaN, 0.0432, 0.4496, -0.2263, 0.1873, -0.0803, 0.3158, -0.3632, -0.0803, -0.2453, -0.1854, 0.0803, -0.1147, -0.1243, 0.1147, 0.1414, 0.1854, -0.1414, NaN, -0.0069, NaN
-0.4405, 0.2017, -0.2118, -0.0576, -0.1892, -0.0576, 0.5611, -0.4741, 0.3966, 0.119, 0.0751, NaN, 0.3026, -0.189, -0.149, -0.0824, NaN, -0.1019, -0.2118, -0.1384, -0.119, NaN, 0.1019, NaN, -0.0918, 1, -0.1345, -0.2392, 0.61, NaN, -0.119, 0.0751, -0.1408, -0.4814, 0.3188, -0.3541, -0.3541, -0.0824, 0.0576, 0.0284, -0.2978, -0.1628, -0.0824, 0.1019, 0.0918, -0.039, NaN, 0.2641, -0.0824, 0.1761, 0.3903, 0.1019, 0.2415, -0.2017, 0.119, -0.4199, 0.1569, -0.0935, -0.119, 0.2267, NaN, -0.1761, 0.0824, 0.0576, -0.1345, -0.0824, 0.4419, -0.6678, 0.2415, 0.2768, 0.2267, -0.2267, 0.1019, -0.1232, NaN, 0.3541, -0.1345, 0.119, -0.1408, NaN, 0.1694, -0.1019, -0.2392, -0.0576, -0.0576, -0.583, -0.2118, -0.0576, -0.0189, 0.6206, -0.3541, 0.2118, 0.0824, 0.0824, 0.189, 0.2143, -0.189, NaN, 0.119, NaN
0.0985, 0, 0.068, -0.0476, 0.1868, -0.0476, 0.0174, 0.0135, 0.0137, 0.0983, -0.3058, NaN, -0.1667, 0.3644, 0.4924, -0.068, NaN, -0.0842, -0.2722, -0.0727, 0.6389, NaN, 0.0842, NaN, -0.0312, -0.1345, 1, -0.0456, -0.1455, NaN, -0.0983, 0.0161, 0.0842, 0.0161, -0.2392, 0.0476, 0.0476, -0.068, 0.0476, -0.1231, 0.1111, 0.2498, -0.068, 0.0842, -0.1249, -0.1562, NaN, -0.0727, -0.068, -0.7638, 0.0891, -0.4772, 0.1612, 0, 0.0983, 0.1868, -0.2135, -0.3932, 0.1474, -0.1249, NaN, 0.4001, 0.068, 0.0476, 0.1111, 0.6124, -0.1111, 0.1345, -0.1074, -0.0572, -0.281, -0.0312, -0.1965, -0.0594, NaN, -0.0476, 0.1111, 0.0983, 0.0842, NaN, -0.1345, -0.0842, 0.2584, 0.1111, -0.0476, -0.281, -0.2722, -0.0476, 0.0364, -0.0161, 0.0476, -0.068, 0.068, 0.068, 0.1562, -0.4667, 0.0174, NaN, 0.0983, NaN
-0.0558, -0.1596, 0.121, -0.0847, -0.0694, -0.0847, 0.0783, -0.2347, 0.0996, 0.1748, -0.1255, NaN, 0.3496, -0.159, -0.2189, -0.121, NaN, -0.1498, -0.1117, -0.2885, -0.1748, NaN, -0.2342, NaN, -0.1196, -0.2392, -0.0456, 1, -0.0099, NaN, 0.3294, -0.1255, 0.1498, -0.2355, -0.2329, 0.0847, 0.0847, -0.121, -0.241, 0.202, -0.2204, 0.2865, 0.3444, -0.2342, 0.0128, -0.2777, NaN, 0.0895, -0.121, 0.0099, -0.1665, 0.1498, 0.0661, 0.0456, 0.0067, 0.0219, 0.1132, 0.1748, -0.0067, -0.094, NaN, -0.1343, -0.3444, 0.0847, -0.1976, -0.121, 0.1064, 0.1078, -0.1176, 0.0156, -0.2007, 0.2007, -0.0422, -0.2681, NaN, -0.0847, 0.1064, -0.3294, 0.1498, NaN, -0.1078, -0.1498, -0.1435, -0.1064, -0.0847, 0.2263, -0.1117, -0.0847, 0.2388, -0.3148, 0.0847, -0.121, -0.1117, -0.1117, 0.0404, 0.0947, 0.3157, NaN, 0.1748, NaN
-0.2626, 0.2182, 0.0891, -0.0623, -0.3451, -0.0623, 0.6475, -0.2918, 0.3327, 0.1287, 0.2318, NaN, 0.3273, -0.2045, -0.1612, -0.0891, NaN, -0.1103, 0.0891, -0.2857, -0.1287, NaN, 0.1103, NaN, 0.0102, 0.61, -0.1455, -0.0099, 1, NaN, 0.0724, 0.1001, 0.1103, -0.6901, 0.6081, -0.3273, -0.3273, -0.0891, 0.0623, 0.0067, -0.2409, -0.1761, -0.0891, -0.1195, 0.2453, 0.0795, NaN, 0.1667, -0.0891, 0.1905, 0.4568, 0.1103, 0.277, -0.0818, 0.1287, -0.3451, 0.2009, -0.0724, -0.1287, 0.1175, NaN, -0.1905, 0.0891, 0.0623, -0.1455, -0.0891, 0.4001, -0.7673, 0.277, 0.1824, 0.1175, -0.1175, 0.1103, -0.2722, NaN, 0.3273, -0.1455, 0.1287, 0.1103, NaN, -0.0189, 0.1195, -0.2587, 0.1455, -0.0623, -0.3934, 0.0891, -0.0623, -0.1905, 0.4267, -0.3273, 0.1893, 0.0891, 0.0891, 0.2045, 0.2318, -0.0625, NaN, 0.1287, NaN
NaN, NaN, NaN, NaN, NaN, NaN, NaN, NaN, NaN, NaN, NaN, NaN, NaN, NaN, NaN, NaN, NaN, NaN, NaN, NaN, NaN, NaN, NaN, NaN, NaN, NaN, NaN, NaN, NaN, 1, NaN, NaN, NaN, NaN, NaN, NaN, NaN, NaN, NaN, NaN, NaN, NaN, NaN, NaN, NaN, NaN, NaN, NaN, NaN, NaN, NaN, NaN, NaN, NaN, NaN, NaN, NaN, NaN, NaN, NaN, NaN, NaN, NaN, NaN, NaN, NaN, NaN, NaN, NaN, NaN, NaN, NaN, NaN, NaN, NaN, NaN, NaN, NaN, NaN, NaN, NaN, NaN, NaN, NaN, NaN, NaN, NaN, NaN, NaN, NaN, NaN, NaN, NaN, NaN, NaN, NaN, NaN, NaN, NaN, NaN
-0.0996, -0.0369, 0.0602, -0.0421, -0.1594, -0.0421, -0.1382, -0.3465, 0.3767, 0.087, -0.0214, NaN, 0.2212, -0.1382, -0.1089, -0.0602, NaN, -0.0745, 0.0602, -0.193, -0.087, NaN, 0.0745, NaN, 0.0069, -0.119, -0.0983, 0.3294, 0.0724, NaN, 1, -0.1993, 0.0745, -0.3773, -0.056, 0.0421, 0.0421, -0.0602, 0.0421, 0.3448, -0.3932, -0.119, -0.0602, 0.0745, -0.0069, 0.0537, NaN, 0.193, -0.0602, -0.0724, 0.3087, 0.0745, 0.1129, 0.0369, 0.087, -0.0118, 0.1358, 0.087, -0.087, -0.0069, NaN, -0.1287, 0.0602, 0.0421, -0.0983, -0.0602, 0.3932, -0.0935, -0.0356, 0.2023, -0.1795, 0.0069, -0.2359, -0.0197, NaN, -0.0421, -0.0983, -0.1848, 0.0745, NaN, -0.119, -0.0745, -0.0067, -0.3932, -0.0421, 0.1657, 0.0602, -0.0421, 0.0724, -0.1566, 0.0421, -0.0602, 0.0602, 0.0602, -0.0537, 0.1566, 0.4375, NaN, 0.087, NaN
0.1284, -0.0241, 0.138, -0.269, 0.0696, 0.0759, 0.1232, -0.0606, 0.0179, 0.0214, 0.1841, NaN, 0.2052, 0.1232, 0.0475, -0.138, NaN, 0.1342, 0.138, -0.2845, -0.0214, NaN, -0.1342, NaN, 0.1854, 0.0751, 0.0161, -0.1255, 0.1001, NaN, -0.1993, 1, 0.0691, -0.1655, 0.0754, -0.0759, -0.0759, -0.138, -0.0759, 0.0475, 0.004, -0.064, 0.1084, 0.0691, 0.0407, 0.2488, NaN, 0.0737, 0.1084, -0.1001, 0.1161, -0.1342, -0.0817, 0.2655, -0.1566, -0.0271, 0.2629, -0.1566, -0.0214, -0.0724, NaN, -0.0316, -0.1084, -0.0759, 0.177, -0.138, -0.1448, -0.0751, -0.0817, -0.0538, 0.0407, 0.0724, -0.1342, 0.1161, NaN, 0.0759, 0.177, -0.1566, 0.2724, NaN, -0.2031, 0.1342, 0.0947, 0.1448, 0.0759, -0.1854, 0.138, 0.0759, -0.1633, 0.2821, -0.0759, -0.138, -0.1084, -0.1084, 0.0025, -0.1655, -0.0025, NaN, 0.1993, NaN
0.1742, 0.0842, -0.0516, 0.0361, -0.0742, -0.5654, 0.1184, 0.1263, 0.0243, -0.0745, -0.1342, NaN, -0.1895, 0.1184, -0.1659, 0.0516, NaN, -0.2908, 0.3782, -0.2021, 0.0745, NaN, -0.0638, NaN, -0.2524, -0.1408, 0.0842, 0.1498, 0.1103, NaN, 0.0745, 0.0691, 1, -0.1342, 0.0036, -0.0361, -0.0361, 0.0516, -0.0361, 0.0933, -0.1895, 0.1019, 0.0516, -0.0638, 0.2524, 0.1184, NaN, 0.0184, 0.0516, 0.1195, 0.1576, -0.0638, -0.0543, 0.1263, -0.0745, 0.263, 0.0944, -0.0745, 0.0745, -0.142, NaN, 0.1103, -0.0516, -0.0361, 0.0842, 0.0516, 0.0842, -0.1019, 0.285, -0.1733, -0.142, -0.0552, -0.0638, -0.2176, NaN, 0.0361, 0.0842, 0.2359, 0.6454, NaN, -0.1408, -0.2908, -0.0422, 0.1965, 0.0361, -0.142, 0.3782, 0.0361, 0.1103, -0.0691, -0.0361, 0.0516, -0.0516, -0.0516, 0.1008, 0.0691, -0.1008, NaN, -0.0745, NaN
0.1284, -0.0241, -0.1084, 0.0759, 0.2629, 0.0759, -0.5052, 0.5263, -0.4794, -0.1566, -0.1655, NaN, -0.2977, 0.1232, 0.1961, 0.1084, NaN, 0.1342, 0.138, 0.3477, 0.1566, NaN, -0.1342, NaN, -0.0407, -0.4814, 0.0161, -0.2355, -0.6901, NaN, -0.3773, -0.1655, -0.1342, 1, -0.3323, 0.269, 0.269, 0.1084, -0.0759, -0.3982, 0.4064, 0.0751, 0.1084, 0.0691, -0.1854, -0.0025, NaN, -0.137, 0.1084, 0.0316, -0.529, -0.1342, -0.2762, 0.0241, -0.1566, 0.1662, -0.2203, 0.0214, -0.0214, -0.0724, NaN, 0.2318, -0.1084, -0.0759, 0.177, 0.1084, -0.3058, 0.6206, 0.0156, -0.1573, -0.0724, -0.0407, 0.0691, 0.2237, NaN, -0.269, 0.0161, 0.0214, -0.1342, NaN, 0.0751, 0.1342, 0.2047, -0.0161, 0.0759, 0.3798, 0.138, 0.0759, 0.1001, -0.3007, 0.269, -0.138, -0.1084, -0.1084, -0.1232, -0.2821, -0.0025, NaN, -0.1566, NaN
-0.1979, 0.3589, -0.0689, 0.199, -0.3245, 0.199, 0.3231, 0.012, -0.04, -0.0996, 0.2793, NaN, 0.0106, -0.1165, -0.1351, 0.2844, NaN, -0.0036, 0.1465, -0.1013, -0.2117, NaN, 0.0036, NaN, 0.0909, 0.3188, -0.2392, -0.2329, 0.6081, NaN, -0.056, 0.0754, 0.0036, -0.3323, 1, -0.199, -0.199, 0.0689, 0.1025, -0.1351, 0.0985, -0.2896, -0.1465, -0.1742, 0.3045, 0.2132, NaN, 0.0092, 0.0689, 0.1981, 0.2106, 0.1813, -0.0442, -0.1478, 0.056, -0.24, 0.1825, 0.056, -0.2117, 0.1068, NaN, -0.0829, 0.1465, 0.1025, -0.0985, -0.1465, 0.183, -0.5621, 0.2109, 0.1303, 0.2056, 0.0909, 0.1813, -0.0715, NaN, 0.199, -0.2392, 0.2117, -0.1742, NaN, -0.1679, 0.352, -0.2329, 0.0985, -0.1025, -0.1898, 0.1465, 0.199, -0.3132, 0.2303, -0.199, 0.0689, 0.1465, 0.1465, 0.2264, 0.1773, -0.2264, NaN, 0.056, NaN
0.199, -0.0714, -0.0292, 0.0204, 0.1487, 0.0204, -0.3049, 0.1679, -0.1825, -0.0421, -0.0759, NaN, -0.1071, 0.0669, 0.0528, 0.0292, NaN, 0.0361, -0.0292, 0.0935, 0.0421, NaN, -0.0361, NaN, 0.0803, -0.3541, 0.0476, 0.0847, -0.3273, NaN, 0.0421, -0.0759, -0.0361, 0.269, -0.199, 1, -0.0204, 0.0292, -0.0204, 0.0528, 0.1905, 0.0576, 0.0292, -0.0361, -0.0803, -0.3049, NaN, -0.0935, 0.0292, -0.0623, -0.2291, -0.0361, -0.1266, 0.0714, -0.0421, 0.1487, 0.1487, -0.0421, 0.0421, -0.0803, NaN, 0.0623, -0.0292, -0.0204, 0.0476, 0.0292, -0.4286, 0.3541, -0.1266, -0.098, -0.0803, 0.0803, -0.0361, 0.0891, NaN, 0.0204, 0.0476, -0.0421, -0.0361, NaN, 0.0576, 0.0361, 0.0847, -0.0476, 0.0204, 0.2542, -0.0292, 0.0204, 0.0623, -0.269, -0.0204, 0.0292, -0.0292, -0.0292, -0.0669, -0.0759, 0.0669, NaN, -0.0421, NaN
0.199, -0.0714, -0.0292, 0.0204, 0.1487, 0.0204, -0.3049, 0.1679, -0.1825, -0.0421, -0.0759, NaN, -0.1071, 0.0669, 0.0528, 0.0292, NaN, 0.0361, -0.0292, 0.0935, 0.0421, NaN, -0.0361, NaN, 0.0803, -0.3541, 0.0476, 0.0847, -0.3273, NaN, 0.0421, -0.0759, -0.0361, 0.269, -0.199, -0.0204, 1, 0.0292, -0.0204, 0.0528, 0.1905, 0.0576, 0.0292, -0.0361, -0.0803, 0.0669, NaN, -0.0935, 0.0292, -0.0623, -0.2291, -0.0361, -0.1266, 0.0714, -0.0421, 0.1487, -0.1373, 0.4845, 0.0421, -0.0803, NaN, 0.0623, -0.0292, -0.0204, 0.0476, 0.0292, 0.0476, 0.3541, -0.1266, -0.098, -0.0803, 0.0803, -0.0361, 0.0891, NaN, 0.0204, 0.0476, -0.0421, -0.0361, NaN, 0.0576, 0.0361, 0.0847, -0.0476, 0.0204, 0.2542, -0.0292, 0.0204, 0.0623, -0.269, 1, -0.6999, -0.0292, -0.0292, -0.0669, -0.0759, 0.0669, NaN, -0.0421, NaN
-0.0689, 0.1021, 0.0417, -0.0292, 0.1961, -0.0292, -0.0956, 0.1737, 0.0505, 0.0602, 0.1084, NaN, -0.2722, -0.0956, -0.0754, -0.0417, NaN, -0.0516, 0.0417, 0.0891, -0.0602, NaN, -0.3782, NaN, -0.1147, -0.0824, -0.068, -0.121, -0.0891, NaN, -0.0602, -0.138, 0.0516, 0.1084, 0.0689, 0.0292, 0.0292, 1, 0.0292, -0.0754, 0.1531, -0.0824, -0.0417, 0.0516, 0.1147, 0.17, NaN, -0.0891, -0.0417, 0.0891, -0.1273, 0.0516, -0.0247, -0.1021, 0.0602, -0.0082, -0.2125, 0.0602, -0.0602, -0.1243, NaN, -0.0891, 0.0417, 0.0292, -0.068, -0.0417, -0.068, 0.0824, 0.1809, 0.14, 0.1147, 0.1243, 0.0516, -0.1273, NaN, -0.0292, -0.068, 0.0602, 0.0516, NaN, -0.0824, -0.0516, 0.1117, 0.068, -0.0292, 0.1147, 0.0417, -0.0292, -0.0891, -0.1084, 0.0292, -0.0417, 0.0417, 0.0417, 0.0956, 0.1084, -0.0956, NaN, 0.0602, NaN
0.199, -0.0714, -0.0292, 0.0204, -0.1373, 0.0204, 0.0669, -0.1216, 0.1118, -0.0421, -0.0759, NaN, -0.1071, 0.0669, 0.0528, 0.0292, NaN, 0.0361, -0.0292, 0.0935, 0.0421, NaN, 0.5654, NaN, 0.0803, 0.0576, 0.0476, -0.241, 0.0623, NaN, 0.0421, -0.0759, -0.0361, -0.0759, 0.1025, -0.0204, -0.0204, 0.0292, 1, 0.0528, 0.1905, 0.0576, -0.6999, -0.0361, 0.2542, 0.0669, NaN, -0.0935, 0.0292, -0.0623, 0.0891, -0.0361, 0.1612, 0.0714, -0.0421, -0.1373, -0.1373, -0.0421, 0.0421, -0.0803, NaN, 0.0623, -0.0292, -0.0204, 0.0476, 0.0292, 0.0476, -0.0576, -0.1266, -0.098, 0.2542, 0.0803, -0.0361, 0.0891, NaN, 0.0204, 0.0476, 0.4845, -0.0361, NaN, 0.0576, 0.0361, 0.0847, -0.0476, 0.0204, -0.0803, -0.0292, 0.0204, 0.0623, 0.0759, -0.0204, 0.0292, -0.0292, -0.0292, -0.0669, -0.0759, 0.0669, NaN, -0.0421, NaN
0.265, -0.1231, 0.0754, -0.0528, -0.0148, -0.0528, -0.0128, -0.3093, 0.0913, 0.1089, 0.0475, NaN, 0.1487, -0.0128, -0.1364, -0.0754, NaN, -0.0933, 0.0754, 0.0269, -0.1089, NaN, 0.0933, NaN, 0.0807, 0.0284, -0.1231, 0.202, 0.0067, NaN, 0.3448, 0.0475, 0.0933, -0.3982, -0.1351, 0.0528, 0.0528, -0.0754, 0.0528, 1, -0.4924, 0.2058, -0.0754, 0.0933, 0.0634, -0.0128, NaN, -0.1612, -0.0754, -0.0067, 0.1809, 0.0933, 0.0794, -0.0308, 0.1089, 0.1084, -0.0148, 0.1089, 0.118, 0.0634, NaN, -0.1612, 0.0754, 0.0528, -0.1231, -0.0754, -0.1231, -0.0284, -0.1686, 0.1214, 0.0634, 0.0807, -0.1659, -0.0932, NaN, -0.0528, 0.0821, -0.118, 0.0933, NaN, 0.3831, -0.0933, 0.202, -0.0821, -0.0528, -0.0807, 0.0754, -0.0528, 0.1746, -0.0475, 0.0528, -0.0754, -0.2387, 0.0754, -0.1474, 0.1961, 0.1474, NaN, 0.1089, NaN
0.1654, 0.0417, 0.0595, 0.1071, 0.03, 0.1071, -0.0824, 0.2904, -0.1854, -0.2212, 0.2052, NaN, -0.2153, 0.1345, -0.1077, 0.1531, NaN, 0.1895, -0.1531, 0.3091, 0.0676, NaN, 0.1614, NaN, 0.2263, -0.2978, 0.1111, -0.2204, -0.2409, NaN, -0.3932, 0.004, -0.1895, 0.4064, 0.0985, 0.1905, 0.1905, 0.1531, 0.1905, -0.4924, 1, -0.0576, -0.0595, -0.1895, -0.0312, 0.1345, NaN, -0.1273, -0.0595, -0.1, -0.4603, -0.1895, -0.0772, 0.0625, 0.086, 0.03, -0.2202, -0.0676, -0.086, -0.2263, NaN, 0.1, -0.1531, -0.1071, 0.25, -0.0595, -0.3056, 0.2978, -0.1612, -0.0679, 0.359, 0.0312, -0.014, 0.0965, NaN, 0.1071, -0.1667, 0.2396, -0.1895, NaN, -0.0576, 0.1895, -0.2204, 0.1667, -0.1905, 0.2615, -0.1531, 0.1071, -0.4683, -0.2052, 0.1905, -0.0595, 0.0595, 0.0595, -0.026, -0.0966, -0.2993, NaN, -0.2212, NaN
0.2896, -0.3747, 0.0824, -0.0576, 0.1569, -0.0576, -0.189, -0.2406, -0.0784, 0.119, -0.3423, NaN, -0.0576, 0.4111, 0.0284, -0.0824, NaN, 0.1408, 0.0824, -0.1384, 0.0935, NaN, 0.1019, NaN, -0.2267, -0.1628, 0.2498, 0.2865, -0.1761, NaN, -0.119, -0.064, 0.1019, 0.0751, -0.2896, 0.0576, 0.0576, -0.0824, 0.0576, 0.2058, -0.0576, 1, 0.2118, 0.1019, -0.0432, -0.039, NaN, -0.1132, -0.0824, -0.1384, 0.0051, -0.3835, 0.1254, 0.0865, -0.0935, 0.1569, -0.0738, -0.3059, 0.5184, -0.0432, NaN, 0.1384, -0.5059, 0.0576, 0.2498, 0.2118, -0.1345, 0.1628, 0.0093, -0.4646, -0.0432, 0.0432, 0.1019, 0.0051, NaN, -0.0576, 0.0576, 0.119, 0.1019, NaN, 0.0033, -0.1019, 0.0237, 0.1345, -0.0576, -0.3131, 0.0824, -0.0576, 0.4528, -0.0751, 0.0576, -0.0824, -0.2118, 0.0824, 0.039, -0.4814, -0.039, NaN, 0.119, NaN
-0.0689, -0.1531, 0.0417, -0.0292, 0.1961, -0.0292, -0.0956, 0.1737, 0.0505, 0.0602, 0.1084, NaN, 0.1531, -0.0956, -0.0754, -0.0417, NaN, -0.0516, 0.0417, -0.1336, -0.0602, NaN, -0.3782, NaN, -0.1147, -0.0824, -0.068, 0.3444, -0.0891, NaN, -0.0602, 0.1084, 0.0516, 0.1084, -0.1465, 0.0292, 0.0292, -0.0417, -0.6999, -0.0754, -0.0595, 0.2118, 1, 0.0516, -0.1243, -0.0956, NaN, 0.1336, -0.0417, 0.0891, -0.1273, 0.0516, -0.2303, 0.1531, 0.0602, 0.1961, 0.1961, 0.0602, -0.0602, -0.1243, NaN, -0.0891, -0.4792, 0.0292, -0.068, -0.0417, -0.068, 0.0824, -0.0247, -0.0788, -0.1243, -0.1147, 0.0516, -0.1273, NaN, -0.0292, 0.2722, -0.316, 0.0516, NaN, -0.0824, -0.0516, -0.121, 0.068, -0.0292, 0.1147, 0.0417, -0.0292, -0.0891, -0.1084, 0.0292, -0.0417, -0.4792, 0.0417, -0.17, -0.138, 0.17, NaN, 0.0602, NaN
-0.1813, -0.1263, -0.0516, 0.0361, 0.263, 0.0361, -0.32, -0.215, 0.1978, -0.0745, -0.1342, NaN, -0.1895, 0.1184, 0.0933, 0.0516, NaN, 0.0638, -0.0516, -0.0184, 0.0745, NaN, -0.0638, NaN, -0.2524, 0.1019, 0.0842, -0.2342, -0.1195, NaN, 0.0745, 0.0691, -0.0638, 0.0691, -0.1742, -0.0361, -0.0361, 0.0516, -0.0361, 0.0933, -0.1895, 0.1019, 0.0516, 1, -0.142, -0.1008, NaN, 0.2021, 0.0516, -0.1103, 0.1576, -0.0638, 0.1154, -0.2948, -0.0745, 0.0944, -0.0742, -0.0745, 0.0745, 0.4496, NaN, 0.1103, -0.0516, -0.0361, -0.1965, 0.0516, 0.0842, 0.1408, 0.285, 0.1878, -0.142, -0.2524, -0.0638, -0.03, NaN, 0.0361, 0.0842, -0.0745, -0.0638, NaN, 0.1019, -0.2908, 0.1498, -0.0842, 0.0361, -0.142, -0.0516, 0.0361, 0.1103, 0.1342, -0.0361, 0.0516, -0.0516, -0.0516, -0.1184, -0.1342, 0.1184, NaN, -0.0745, NaN
-0.1068, 0.4215, -0.1147, 0.0803, -0.3524, 0.0803, 0.1414, -0.0987, 0.1505, 0.0069, 0.0407, NaN, 0.0663, -0.3462, -0.0807, 0.1147, NaN, -0.0552, 0.1243, -0.0409, -0.1795, NaN, 0.2524, NaN, 0.2061, 0.0918, -0.1249, 0.0128, 0.2453, NaN, -0.0069, 0.0407, 0.2524, -0.1854, 0.3045, -0.0803, -0.0803, 0.1147, 0.2542, 0.0634, -0.0312, -0.0432, -0.1243, -0.142, 1, 0.1414, NaN, 0.1431, 0.1147, 0.3934, -0.171, 0.0552, -0.2151, 0.1639, 0.0069, -0.2587, 0.21, 0.0069, -0.1795, -0.2061, NaN, -0.3934, -0.1147, -0.0803, 0.0312, -0.3632, 0.1873, -0.2267, 0.0679, 0.1165, 0.2325, -0.0132, 0.4496, 0.2461, NaN, 0.0803, 0.1873, 0.5247, 0.0552, NaN, -0.3131, 0.142, -0.094, 0.1249, 0.0803, 0.0132, 0.1243, 0.0803, 0.1175, 0.1854, -0.0803, 0.1147, -0.1147, -0.1147, 0.3462, 0.1537, -0.1024, NaN, -0.1657, NaN
0.2264, 0.2343, 0.0956, -0.0669, -0.0709, -0.0669, -0.084, 0.0823, -0.045, 0.1382, 0.1232, NaN, 0.1345, 0.0515, -0.173, -0.0956, NaN, 0.1008, 0.0956, 0.1477, -0.1382, NaN, -0.1008, NaN, 0.3462, -0.039, -0.1562, -0.2777, 0.0795, NaN, 0.0537, 0.2488, 0.1184, -0.0025, 0.2132, -0.3049, 0.0669, 0.17, 0.0669, -0.0128, 0.1345, -0.039, -0.0956, -0.1008, 0.1414, 1, NaN, -0.0341, -0.0956, 0.2045, 0.0557, -0.1008, -0.0042, 0.1562, 0.1382, -0.0709, -0.0709, -0.0537, 0.0537, 0.0195, NaN, -0.0625, 0.0956, 0.0669, 0.5379, -0.0956, 0.0174, -0.111, -0.0042, -0.0134, 0.2633, -0.0195, 0.1184, 0.0557, NaN, -0.0669, -0.1562, 0.1382, 0.1184, NaN, -0.189, 0.32, -0.0404, 0.1562, -0.0669, 0.0195, 0.0956, 0.3049, -0.2045, 0.0025, 0.0669, -0.0956, 0.0956, 0.0956, 0.2195, 0.1232, -0.2195, NaN, -0.0537, NaN
NaN, NaN, NaN, NaN, NaN, NaN, NaN, NaN, NaN, NaN, NaN, NaN, NaN, NaN, NaN, NaN, NaN, NaN, NaN, NaN, NaN, NaN, NaN, NaN, NaN, NaN, NaN, NaN, NaN, NaN, NaN, NaN, NaN, NaN, NaN, NaN, NaN, NaN, NaN, NaN, NaN, NaN, NaN, NaN, NaN, NaN, 1, NaN, NaN, NaN, NaN, NaN, NaN, NaN, NaN, NaN, NaN, NaN, NaN, NaN, NaN, NaN, NaN, NaN, NaN, NaN, NaN, NaN, NaN, NaN, NaN, NaN, NaN, NaN, NaN, NaN, NaN, NaN, NaN, NaN, NaN, NaN, NaN, NaN, NaN, NaN, NaN, NaN, NaN, NaN, NaN, NaN, NaN, NaN, NaN, NaN, NaN, NaN, NaN, NaN
-0.1935, 0.2182, -0.1336, 0.0935, 0.0699, -0.2182, 0.0795, -0.2918, 0.3327, -0.0322, -0.0316, NaN, 0.1455, -0.1477, -0.1612, -0.0891, NaN, -0.0184, -0.1336, -0.4286, -0.1287, NaN, 0.0184, NaN, -0.2453, 0.2641, -0.0727, 0.0895, 0.1667, NaN, 0.193, 0.0737, 0.0184, -0.137, 0.0092, -0.0935, -0.0935, -0.0891, -0.0935, -0.1612, -0.1273, -0.1132, 0.1336, 0.2021, 0.1431, -0.0341, NaN, 1, -0.0891, -0.0476, 0.2138, -0.1654, -0.0528, 0, -0.193, 0.1572, 0.1572, -0.193, -0.1287, 0.0409, NaN, 0.0476, -0.1336, -0.0935, -0.0727, -0.3118, 0.2182, -0.1384, 0.2989, 0.2058, -0.0613, -0.0409, 0.2021, 0.0194, NaN, 0.0935, 0.0727, -0.193, 0.0184, NaN, -0.3648, -0.2021, -0.1094, -0.2182, 0.0935, -0.1635, -0.1336, 0.0935, -0.0714, 0.2423, -0.0935, -0.0891, 0.0891, -0.1336, 0.1477, -0.0316, 0.1931, NaN, 0.1287, NaN
-0.0689, -0.1531, 0.0417, -0.0292, -0.2125, -0.0292, -0.0956, -0.0331, -0.1598, 0.0602, 0.1084, NaN, 0.1531, -0.0956, -0.0754, 0.4792, NaN, -0.0516, 0.0417, -0.1336, -0.0602, NaN, 0.0516, NaN, 0.1243, -0.0824, -0.068, -0.121, -0.0891, NaN, -0.0602, 0.1084, 0.0516, 0.1084, 0.0689, 0.0292, 0.0292, -0.0417, 0.0292, -0.0754, -0.0595, -0.0824, -0.0417, 0.0516, 0.1147, -0.0956, NaN, -0.0891, 1, 0.0891, -0.1273, 0.0516, -0.2303, 0.1531, 0.0602, -0.2125, -0.0082, 0.0602, -0.0602, -0.3632, NaN, -0.0891, 0.0417, 0.0292, -0.068, -0.0417, -0.068, 0.0824, -0.2303, -0.0788, 0.1147, -0.1147, 0.0516, 0.3273, NaN, -0.0292, -0.068, 0.0602, 0.0516, NaN, -0.0824, -0.0516, 0.1117, 0.068, -0.0292, 0.1147, 0.0417, -0.0292, -0.0891, -0.1084, 0.0292, -0.0417, 0.0417, -0.4792, -0.17, 0.1084, 0.17, NaN, 0.0602, NaN
-0.1981, 0.1909, -0.0891, 0.0623, -0.2009, 0.0623, 0.0625, 0.0707, -0.1079, 0.0724, 0.1633, NaN, 0.1273, -0.3635, -0.3425, 0.0891, NaN, 0.1103, 0.1893, 0.1667, -0.4746, NaN, -0.1103, NaN, 0.1175, 0.1761, -0.7638, 0.0099, 0.1905, NaN, -0.0724, -0.1001, 0.1195, 0.0316, 0.1981, -0.0623, -0.0623, 0.0891, -0.0623, -0.0067, -0.1, -0.1384, 0.0891, -0.1103, 0.3934, 0.2045, NaN, -0.0476, 0.0891, 1, -0.2138, 0.3492, -0.277, 0.0818, 0.0724, -0.2009, 0.2359, 0.2735, -0.0724, 0.0102, NaN, -0.4048, -0.0891, -0.0623, -0.0364, -0.4677, 0.1455, -0.1761, 0.2726, -0.0655, 0.2657, -0.2657, 0.3492, 0.1507, NaN, 0.0623, -0.0364, 0.2735, -0.1103, NaN, 0.1761, 0.1103, -0.3632, 0.2182, 0.0623, 0.2657, 0.1893, 0.0623, 0.0417, 0.1001, -0.0623, 0.0891, -0.0891, -0.0891, 0.0795, 0.4267, -0.2215, NaN, -0.1287, NaN
-0.0226, 0.0891, 0.1273, -0.0891, -0.2033, -0.0891, 0.4035, -0.2816, 0.3377, 0.0197, -0.2065, NaN, 0.0965, 0.0557, 0.318, -0.1273, NaN, 0.03, 0.1273, -0.4082, 0.1445, NaN, 0.1576, NaN, -0.2461, 0.3903, 0.0891, -0.1665, 0.4568, NaN, 0.3087, 0.1161, 0.1576, -0.529, 0.2106, -0.2291, -0.2291, -0.1273, 0.0891, 0.1809, -0.4603, 0.0051, -0.1273, 0.1576, -0.171, 0.0557, NaN, 0.2138, -0.1273, -0.2138, 1, -0.03, 0.2836, 0.0223, -0.3087, -0.025, 0.2425, -0.1445, 0.1445, 0.1418, NaN, 0.2138, 0.1273, 0.0891, -0.0594, 0.3273, 0.2376, -0.5186, 0.1041, 0.0458, -0.2753, 0.0668, -0.2176, -0.0913, NaN, 0.2291, 0.0891, 0.0197, 0.1576, NaN, -0.1232, -0.1576, 0.1381, 0.0594, 0.2291, -0.4839, 0.1273, -0.0891, 0.0923, 0.4215, -0.2291, 0.1, 0.1273, 0.1273, 0.1762, -0.314, -0.0603, NaN, 0.1839, NaN
-0.0036, -0.1263, -0.0516, 0.0361, -0.2427, 0.0361, 0.1184, 0.1263, 0.1978, -0.0745, 0.0691, NaN, 0.1614, -0.5392, -0.1659, 0.0516, NaN, -0.2908, -0.0516, -0.0184, -0.2359, NaN, -0.0638, NaN, 0.142, 0.1019, -0.4772, 0.1498, 0.1103, NaN, 0.0745, -0.1342, -0.0638, -0.1342, 0.1813, -0.0361, -0.0361, 0.0516, -0.0361, 0.0933, -0.1895, -0.3835, 0.0516, -0.0638, 0.0552, -0.1008, NaN, -0.1654, 0.0516, 0.3492, -0.03, 1, -0.0543, 0.1263, -0.0745, -0.2427, 0.0944, 0.8568, -0.2359, 0.0552, NaN, -0.3492, -0.0516, -0.0361, -0.4772, 0.0516, 0.0842, -0.1019, -0.2239, 0.1878, 0.0552, 0.142, -0.0638, -0.03, NaN, 0.0361, 0.0842, -0.0745, -0.0638, NaN, 0.1019, 0.0638, -0.0422, -0.0842, 0.0361, 0.4496, -0.0516, 0.0361, 0.1103, -0.2724, -0.0361, 0.0516, -0.0516, -0.0516, -0.1184, 0.4757, -0.1008, NaN, -0.0745, NaN
