1, -0.049, -0.0983, -0.0983, 0.1323, -0.0655
-0.049, 1, -0.0835, -0.0032, -0.0876, -0.1574
-0.0983, -0.0835, 1, -0.1272, -0.2163, -0.0338
-0.0983, -0.0032, -0.1272, 1, -0.0537, -0.1948
0.1323, -0.0876, -0.2163, -0.0537, 1, -0.1089
-0.0655, -0.1574, -0.0338, -0.1948, -0.1089, 1
