1, -0.2768, 0.098, -0.0788, -0.0072, -0.2082, 0.0072, -0.2768, -0.2579, NaN, -0.0857, 0.0809, NaN, -0.2023, 0.2001, 0.1733, -0.1112, -0.0788, -0.343, NaN, -0.0035, -0.2168, -0.0821, NaN, NaN, -0.1112, -0.098, 0.1425, 0.098, -0.5672, 0.1878, -0.098, 0.098, -0.2023, 0.2271, -0.1532, 0.0515, -0.0072, -0.1425, NaN, -0.1929, NaN, -0.1878, 0.0398, 0.2557, NaN, 0.14, 0.1165, NaN, NaN, 0.1425, -0.3172, 0.2287, -0.2287, -0.3323, -0.098, 0.2082, 0.0809, 0.0443, -0.0443, 0.4023, 0.0788, 0.3489, -0.468, 0.2098, -0.098, 0.0813, -0.3001, 0.3001, 0.2175, -0.0072, -0.2406, -0.1847, 0.0655, 0.1123, -0.2976, -0.1532, 0.2868, NaN, -0.1684
-0.2768, 1, 0.0576, 0.0824, 0.1019, 0.0576, -0.1019, 0.1694, -0.0404, NaN, 0.0576, -0.0297, NaN, 0.3059, -0.1825, -0.1408, -0.1238, 0.0824, 0.2306, NaN, -0.0093, 0.2267, 0.2392, NaN, NaN, -0.007, -0.0576, -0.149, 0.0576, 0.2143, -0.1019, 0.3541, 0.0576, 0.0935, 0.0902, -0.1628, 0.1384, 0.1019, 0.149, NaN, -0.2306, NaN, 0.1019, -0.0754, -0.0093, NaN, -0.2118, -0.0918, NaN, NaN, 0.0284, 0.2267, 0.1345, 0.0576, 0.2619, -0.0576, -0.0576, 0.0939, 0.119, -0.119, -0.1761, -0.0824, -0.2229, 0.1825, 0.039, 0.3541, 0.1591, 0.2017, -0.2017, -0.1628, 0.1019, -0.0051, -0.0918, 0.1761, -0.0126, 0.0824, 0.0751, 0.0297, NaN, 0.1761
0.098, 0.0576, 1, -0.0292, -0.0361, -0.0204, 0.0361, 0.0576, -0.1118, NaN, 0.0476, 0.098, NaN, 0.0421, 0.1071, -0.0361, -0.1216, -0.0292, 0.0714, NaN, 0.1266, -0.0803, 0.241, NaN, NaN, -0.1216, 0.0204, 0.0528, -0.0204, -0.0759, 0.0361, 0.0204, -0.0204, 0.0421, -0.1548, 0.0576, 0.0623, -0.0361, 0.3869, NaN, -0.0714, NaN, -0.0361, 0.199, -0.1612, NaN, 0.1166, 0.0803, NaN, NaN, 0.0528, -0.0803, -0.0476, 0.0476, 0.0891, 0.0204, 0.0204, 0.098, -0.0421, 0.0421, 0.0623, 0.0292, -0.1266, -0.1071, -0.0669, 0.0204, 0.1118, -0.0714, 0.0714, 0.0576, -0.0361, -0.0891, -0.2542, -0.0623, -0.2182, -0.0292, -0.0759, -0.098, NaN, -0.0623
-0.0788, 0.0824, -0.0292, 1, -0.0516, -0.0292, 0.0516, -0.2118, 0.0505, NaN, 0.068, 0.14, NaN, 0.0602, -0.0595, -0.0516, 0.0331, -0.0417, 0.1021, NaN, -0.0247, -0.1147, -0.121, NaN, NaN, -0.1737, 0.0292, -0.2387, -0.0292, 0.138, 0.0516, 0.0292, -0.0292, 0.0602, -0.0164, -0.2118, 0.0891, -0.0516, -0.0754, NaN, -0.1021, NaN, 0.3782, -0.1465, 0.1809, NaN, -0.25, 0.1147, NaN, NaN, -0.2387, 0.1243, 0.2722, -0.2722, -0.1, 0.0292, 0.0292, 0.14, -0.0602, -0.316, 0.0891, 0.0417, -0.1809, 0.0595, 0.17, 0.0292, -0.2607, -0.1021, 0.1021, 0.0824, -0.0516, 0.1, 0.1147, 0.4677, -0.0891, -0.0417, -0.1084, 0.0788, NaN, -0.0891
-0.0072, 0.1019, -0.0361, -0.0516, 1, -0.0361, 0.0638, 0.1019, -0.0243, NaN, 0.0842, -0.1878, NaN, 0.0745, -0.1614, -0.0638, 0.1263, -0.0516, -0.0842, NaN, -0.1154, 0.2524, 0.2342, NaN, NaN, -0.0444, 0.0361, 0.0933, -0.0361, 0.0691, 0.0638, 0.0361, -0.0361, -0.2359, 0.0642, 0.1019, -0.3492, -0.0638, 0.1659, NaN, -0.1263, NaN, 0.2908, 0.1742, 0.2239, NaN, -0.1375, 0.142, NaN, NaN, -0.1659, 0.0552, -0.0842, 0.0842, -0.03, 0.0361, 0.0361, -0.0072, -0.0745, -0.5463, -0.1195, 0.0516, 0.1154, -0.014, -0.1184, 0.0361, 0.1978, 0.0842, -0.2948, -0.1408, -0.0638, 0.2176, -0.0552, -0.1103, -0.3859, -0.0516, 0.0691, 0.0072, NaN, -0.1103
-0.2082, 0.0576, -0.0204, -0.0292, -0.0361, 1, 0.0361, 0.0576, 0.1825, NaN, 0.0476, 0.098, NaN, 0.0421, -0.1905, -0.0361, 0.1679, -0.0292, 0.0714, NaN, 0.1266, -0.0803, -0.0847, NaN, NaN, 0.1679, 0.0204, 0.0528, -0.0204, 0.269, 0.0361, 0.0204, -0.0204, 0.0421, -0.1548, 0.0576, 0.0623, -0.0361, -0.0528, NaN, 0.2857, NaN, -0.0361, -0.1025, -0.1612, NaN, -0.175, -0.2542, NaN, NaN, 0.0528, 0.2542, -0.0476, 0.0476, 0.0891, 0.0204, 0.0204, 0.098, -0.0421, 0.0421, -0.3273, 0.0292, -0.1266, 0.1905, -0.0669, 0.0204, 0.1118, -0.0714, 0.0714, 0.0576, -0.0361, 0.2291, 0.0803, -0.0623, 0.0935, -0.0292, -0.0759, -0.098, NaN, -0.0623
0.0072, -0.1019, 0.0361, 0.0516, 0.0638, 0.0361, 1, -0.1019, 0.1978, NaN, -0.0842, 0.0072, NaN, -0.0745, -0.014, 0.0638, 0.215, 0.0516, -0.1263, NaN, 0.285, -0.2524, -0.2342, NaN, NaN, 0.0444, -0.0361, 0.1659, 0.0361, 0.1342, -0.0638, -0.0361, 0.0361, -0.0745, -0.0642, -0.1019, -0.1103, 0.0638, -0.1659, NaN, 0.1263, NaN, 0.0638, -0.1742, 0.1154, NaN, -0.2063, 0.0552, NaN, NaN, -0.0933, 0.142, 0.0842, -0.0842, -0.1576, -0.0361, -0.0361, 0.0072, -0.2359, -0.0745, -0.1103, 0.3782, -0.1154, 0.014, -0.1008, -0.0361, -0.0243, 0.1263, -0.1263, 0.1408, 0.0638, 0.1576, 0.0552, 0.1103, 0.0184, 0.0516, 0.1342, -0.0072, NaN, -0.1195
-0.2768, 0.1694, 0.0576, -0.2118, 0.1019, 0.0576, -0.1019, 1, -0.3966, NaN, -0.1345, -0.1532, NaN, 0.0935, -0.0624, 0.1019, 0.1098, 0.0824, -0.2017, NaN, 0.2229, 0.2267, 0.1078, NaN, NaN, 0.3433, -0.0576, -0.149, 0.0576, 0.0751, -0.1019, -0.0576, 0.0576, -0.119, -0.1411, 0.0033, 0.1384, -0.1408, 0.149, NaN, -0.2306, NaN, 0.1019, 0.0462, -0.1254, NaN, -0.0941, -0.0918, NaN, NaN, -0.149, 0.2267, -0.634, 0.634, 0.3903, -0.0576, -0.0576, -0.0297, 0.119, -0.119, -0.1761, -0.0824, 0.0093, 0.0624, -0.4111, -0.0576, 0.3966, 0.2017, -0.2017, 0.0033, 0.1019, 0.2516, -0.2267, -0.4528, -0.0126, 0.0824, 0.0751, -0.341, NaN, 0.0189
-0.2579, -0.0404, -0.1118, 0.0505, -0.0243, 0.1825, 0.1978, -0.3966, 1, NaN, 0.1236, 0.3604, NaN, 0.079, -0.3571, -0.1978, 0.0017, 0.0505, 0.2884, NaN, 0.2789, -0.1505, -0.3701, NaN, NaN, 0.0852, 0.1118, 0.2891, -0.1118, 0.4794, -0.1492, 0.1118, -0.1118, 0.2309, -0.1868, 0.1971, -0.3327, 0.1492, -0.1623, NaN, 0.5357, NaN, -0.0243, -0.04, -0.1361, NaN, -0.286, -0.2354, NaN, NaN, 0.1623, 0.3319, 0.2884, -0.2884, -0.1542, 0.1118, 0.1118, 0.0954, -0.079, 0.2309, -0.3327, 0.1598, -0.1959, 0.3571, 0.384, 0.1118, -0.3209, -0.1854, 0.2884, 0.1971, -0.1978, 0.3377, 0.1505, 0.2203, -0.027, 0.0505, -0.4158, 0.0813, NaN, 0.2203
NaN, NaN, NaN, NaN, NaN, NaN, NaN, NaN, NaN, 1, NaN, NaN, NaN, NaN, NaN, NaN, NaN, NaN, NaN, NaN, NaN, NaN, NaN, NaN, NaN, NaN, NaN, NaN, NaN, NaN, NaN, NaN, NaN, NaN, NaN, NaN, NaN, NaN, NaN, NaN, NaN, NaN, NaN, NaN, NaN, NaN, NaN, NaN, NaN, NaN, NaN, NaN, NaN, NaN, NaN, NaN, NaN, NaN, NaN, NaN, NaN, NaN, NaN, NaN, NaN, NaN, NaN, NaN, NaN, NaN, NaN, NaN, NaN, NaN, NaN, NaN, NaN, NaN, NaN, NaN
-0.0857, 0.0576, 0.0476, 0.068, 0.0842, 0.0476, -0.0842, -0.1345, 0.1236, NaN, 1, 0.2001, NaN, 0.6389, -0.25, -0.7579, -0.2566, 0.068, 0.1667, NaN, 0.1074, -0.281, 0.1976, NaN, NaN, 0.1486, -0.0476, 0.2872, 0.0476, 0.0161, -0.0842, -0.0476, 0.0476, 0.1474, -0.1739, 0.0576, 0.0364, 0.0842, 0.1231, NaN, 0.1667, NaN, 0.0842, 0.2392, 0.1074, NaN, -0.1361, -0.0312, NaN, NaN, -0.1231, -0.1249, 0.1111, -0.1111, -0.2079, -0.0476, -0.0476, -0.0857, 0.0983, -0.0983, 0.0364, -0.068, -0.1074, 0.1111, 0.1562, -0.0476, 0.0137, 0.1667, -0.1667, -0.1345, 0.0842, -0.0891, -0.0312, 0.1455, 0.2182, 0.068, -0.1448, -0.2001, NaN, 0.1455
0.0809, -0.0297, 0.098, 0.14, -0.1878, 0.098, 0.0072, -0.1532, 0.3604, NaN, 0.2001, 1, NaN, 0.2718, -0.2465, -0.3683, -0.1112, 0.14, -0.0214, NaN, 0.4284, -0.3172, -0.3753, NaN, NaN, 0.2363, -0.098, 0.2744, 0.098, 0.3643, -0.1733, 0.2082, 0.098, 0.2718, -0.031, 0.0939, -0.1824, 0.1733, -0.2744, NaN, 0.2358, NaN, -0.0072, -0.0507, -0.1762, NaN, -0.4726, -0.2851, NaN, NaN, 0.0106, 0.1847, 0.0857, -0.0857, -0.2368, -0.098, 0.2082, 0.4485, 0.2023, 0.1138, -0.2994, -0.14, -0.0829, 0.2465, 0.0982, -0.098, -0.0071, -0.4073, 0.5145, 0.4646, -0.1878, 0.2368, -0.1847, 0.2994, 0.1123, -0.0788, -0.4637, -0.0809, NaN, 0.1824
NaN, NaN, NaN, NaN, NaN, NaN, NaN, NaN, NaN, NaN, NaN, NaN, 1, NaN, NaN, NaN, NaN, NaN, NaN, NaN, NaN, NaN, NaN, NaN, NaN, NaN, NaN, NaN, NaN, NaN, NaN, NaN, NaN, NaN, NaN, NaN, NaN, NaN, NaN, NaN, NaN, NaN, NaN, NaN, NaN, NaN, NaN, NaN, NaN, NaN, NaN, NaN, NaN, NaN, NaN, NaN, NaN, NaN, NaN, NaN, NaN, NaN, NaN, NaN, NaN, NaN, NaN, NaN, NaN, NaN, NaN, NaN, NaN, NaN, NaN, NaN, NaN, NaN, NaN, NaN
-0.2023, 0.3059, 0.0421, 0.0602, 0.0745, 0.0421, -0.0745, 0.0935, 0.079, NaN, 0.6389, 0.2718, NaN, 1, -0.2212, -0.8568, -0.3465, 0.0602, 0.2212, NaN, 0.3327, -0.1795, 0.1748, NaN, NaN, 0.2509, -0.0421, 0.3448, 0.0421, 0.1566, -0.0745, -0.0421, 0.0421, -0.087, -0.1242, 0.0935, 0.0724, 0.0745, 0.1089, NaN, -0.0369, NaN, 0.0745, 0.056, 0.0356, NaN, -0.2408, -0.1657, NaN, NaN, -0.1089, -0.0069, 0.0983, -0.0983, -0.0197, -0.0421, -0.0421, -0.0443, 0.087, -0.087, -0.1287, -0.0602, -0.0356, 0.2212, 0.1382, -0.0421, 0.0729, 0.1474, -0.1474, -0.119, 0.0745, 0.0197, -0.1657, 0.1287, 0.2896, 0.0602, -0.0214, -0.2718, NaN, 0.1287
0.2001, -0.1825, 0.1071, -0.0595, -0.1614, -0.1905, -0.014, -0.0624, -0.3571, NaN, -0.25, -0.2465, NaN, -0.2212, 1, 0.1895, -0.206, -0.0595, -0.375, NaN, -0.2451, 0.2263, 0.2546, NaN, NaN, -0.206, 0.1905, -0.1487, 0.1071, -0.3058, 0.1614, -0.1071, 0.1071, -0.0676, 0.3946, -0.3026, 0.1273, -0.1614, 0.1487, NaN, -0.3542, NaN, -0.3369, 0.0985, 0.1746, NaN, 0.2381, 0.5541, NaN, NaN, -0.0205, -0.4566, -0.0278, -0.1111, -0.2821, 0.1905, -0.1071, -0.2465, -0.3932, 0.2396, 0.2409, 0.0595, 0.1612, -0.6528, -0.0824, -0.1071, -0.1579, 0.1667, -0.2708, -0.3026, 0.1895, -0.3675, -0.2263, -0.1273, -0.0364, -0.0595, 0.2977, 0.1572, NaN, -0.4683
0.1733, -0.1408, -0.0361, -0.0516, -0.0638, -0.0361, 0.0638, 0.1019, -0.1978, NaN, -0.7579, -0.3683, NaN, -0.8568, 0.1895, 1, 0.2969, -0.0516, -0.2948, NaN, -0.285, 0.2524, -0.1498, NaN, NaN, -0.215, 0.0361, -0.425, -0.0361, -0.1342, 0.0638, 0.0361, -0.0361, 0.0745, 0.0642, -0.1408, 0.1103, -0.0638, -0.0933, NaN, -0.1263, NaN, -0.0638, -0.1813, -0.1154, NaN, 0.2063, 0.142, NaN, NaN, 0.0933, 0.0552, -0.0842, 0.0842, 0.1576, 0.0361, 0.0361, 0.1733, -0.0745, 0.0745, 0.1103, 0.0516, -0.0543, -0.1895, -0.1184, 0.0361, 0.0243, -0.1263, 0.1263, 0.1019, -0.0638, 0.03, 0.142, -0.1103, -0.2021, -0.0516, 0.0691, 0.1878, NaN, -0.1103
-0.1112, -0.1238, -0.1216, 0.0331, 0.1263, 0.1679, 0.215, 0.1098, 0.0017, NaN, -0.2566, -0.1112, NaN, -0.3465, -0.206, 0.2969, 1, -0.1737, 0.2229, NaN, 0.0196, 0.186, 0.0499, NaN, NaN, 0.0969, -0.1679, -0.3093, -0.1216, 0.135, -0.2969, 0.1216, -0.1216, -0.1972, -0.0276, 0.1098, -0.4023, -0.215, 0.1846, NaN, 0.2837, NaN, 0.1263, 0.0736, 0.1829, NaN, 0.0331, -0.186, NaN, NaN, 0.0648, 0.3757, -0.1486, 0.2837, 0.2599, 0.1216, -0.1679, -0.1981, -0.2509, -0.1972, -0.2918, 0.1737, -0.0196, 0.1216, -0.1877, 0.1216, -0.0852, -0.0203, -0.081, -0.007, -0.0444, 0.4621, 0.2884, -0.1503, -0.2388, 0.0331, 0.2328, 0.3718, NaN, 0.0707
-0.0788, 0.0824, -0.0292, -0.0417, -0.0516, -0.0292, 0.0516, 0.0824, 0.0505, NaN, 0.068, 0.14, NaN, 0.0602, -0.0595, -0.0516, -0.1737, 1, 0.1021, NaN, -0.0247, 0.1243, -0.121, NaN, NaN, 0.0331, 0.0292, 0.0754, -0.0292, 0.138, 0.0516, 0.0292, -0.0292, 0.0602, -0.0164, 0.0824, 0.0891, -0.0516, -0.0754, NaN, 0.1531, NaN, -0.0516, -0.1465, -0.0247, NaN, -0.0417, -0.1243, NaN, NaN, 0.0754, -0.1147, -0.068, 0.068, 0.1273, -0.6999, 0.0292, -0.0788, 0.316, 0.0602, 0.0891, 0.0417, -0.1809, 0.0595, -0.0956, 0.0292, 0.1598, -0.1021, -0.1531, 0.0824, -0.0516, -0.1273, 0.1147, -0.0891, 0.1336, -0.0417, -0.1084, -0.14, NaN, -0.0891
-0.343, 0.2306, 0.0714, 0.1021, -0.0842, 0.0714, -0.1263, -0.2017, 0.2884, NaN, 0.1667, -0.0214, NaN, 0.2212, -0.375, -0.2948, 0.2229, 0.1021, 1, NaN, -0.0403, 0.1639, 0.0684, NaN, NaN, 0.0203, -0.0714, -0.0308, -0.2857, 0.2655, -0.1263, -0.0714, -0.2857, -0.1474, -0.1605, 0.0865, -0.2182, -0.0842, 0.1846, NaN, 0.25, NaN, 0.1263, 0.0422, 0.0604, NaN, 0.1021, -0.281, NaN, NaN, 0.277, 0.0468, 0.1667, 0, 0.245, -0.0714, -0.0714, -0.2358, 0.1474, 0.0369, -0.2182, 0.1531, -0.1612, 0.2708, 0.1041, 0.2857, -0.1854, -0.125, -0.125, -0.0576, 0.1263, 0.0891, 0.4215, 0.2182, -0.1091, 0.1021, 0.0241, 0.2358, NaN, 0.2182
NaN, NaN, NaN, NaN, NaN, NaN, NaN, NaN, NaN, NaN, NaN, NaN, NaN, NaN, NaN, NaN, NaN, NaN, NaN, 1, NaN, NaN, NaN, NaN, NaN, NaN, NaN, NaN, NaN, NaN, NaN, NaN, NaN, NaN, NaN, NaN, NaN, NaN, NaN, NaN, NaN, NaN, NaN, NaN, NaN, NaN, NaN, NaN, NaN, NaN, NaN, NaN, NaN, NaN, NaN, NaN, NaN, NaN, NaN, NaN, NaN, NaN, NaN, NaN, NaN, NaN, NaN, NaN, NaN, NaN, NaN, NaN, NaN, NaN, NaN, NaN, NaN, NaN, NaN, NaN
-0.0035, -0.0093, 0.1266, -0.0247, -0.1154, 0.1266, 0.285, 0.2229, 0.2789, NaN, 0.1074, 0.4284, NaN, 0.3327, -0.2451, -0.285, 0.0196, -0.0247, -0.0403, NaN, 1, -0.3509, -0.3013, NaN, NaN, 0.3461, -0.1266, 0.2926, 0.1266, 0.3735, -0.2239, -0.1266, 0.1266, -0.1129, -0.4139, -0.0093, 0.0528, 0.2239, -0.0446, NaN, 0.2417, NaN, 0.0543, -0.2994, -0.0552, NaN, -0.3125, -0.1208, NaN, NaN, -0.0794, 0.4038, -0.1074, 0.1074, 0.0754, 0.1612, 0.1612, 0.0829, -0.1842, 0.0356, -0.277, 0.0247, 0.0552, 0.329, -0.0042, -0.1266, 0.1361, -0.2619, 0.2619, 0.3391, 0.0543, 0.2836, -0.1208, 0.0571, 0.211, -0.0247, -0.3074, -0.2557, NaN, 0.0571
-0.2168, 0.2267, -0.0803, -0.1147, 0.2524, -0.0803, -0.2524, 0.2267, -0.1505, NaN, -0.281, -0.3172, NaN, -0.1795, 0.2263, 0.2524, 0.186, 0.1243, 0.1639, NaN, -0.3509, 1, 0.3075, NaN, NaN, -0.1936, 0.0803, -0.513, -0.0803, 0.0407, 0.142, 0.0803, -0.0803, -0.1795, 0.3307, -0.0432, -0.2657, -0.142, 0.2248, NaN, -0.1639, NaN, 0.0552, 0.0909, 0.0264, NaN, 0.1721, 0.3158, NaN, NaN, 0.0634, -0.0965, -0.1873, 0.1873, 0.2461, 0.0803, -0.2542, -0.3172, -0.1657, -0.0069, -0.0102, 0.1147, 0.0679, -0.1288, -0.0195, 0.0803, 0.054, 0.0702, -0.3044, -0.3131, -0.142, -0.0375, 0.0965, -0.1175, -0.2453, -0.1147, 0.2668, 0.2168, NaN, -0.2453
-0.0821, 0.2392, 0.241, -0.121, 0.2342, -0.0847, -0.2342, 0.1078, -0.3701, NaN, 0.1976, -0.3753, NaN, 0.1748, 0.2546, -0.1498, 0.0499, -0.121, 0.0684, NaN, -0.3013, 0.3075, 1, NaN, NaN, -0.0425, 0.0847, -0.202, -0.0847, -0.2047, -0.0422, 0.0847, 0.241, -0.1613, 0.2726, -0.0237, 0.1343, -0.1498, 0.4827, NaN, -0.1824, NaN, 0.0422, 0.3446, -0.0257, NaN, 0.2048, 0.2263, NaN, NaN, -0.202, -0.2263, -0.0456, 0.0456, 0.1665, 0.0847, -0.241, -0.2776, -0.1748, -0.1613, 0.1343, 0.121, -0.0661, -0.2546, -0.159, 0.0847, -0.0996, 0.2736, -0.3876, -0.5493, -0.1498, -0.1665, -0.094, -0.1343, -0.1094, -0.121, 0.5658, 0.1799, NaN, -0.1343
NaN, NaN, NaN, NaN, NaN, NaN, NaN, NaN, NaN, NaN, NaN, NaN, NaN, NaN, NaN, NaN, NaN, NaN, NaN, NaN, NaN, NaN, NaN, 1, NaN, NaN, NaN, NaN, NaN, NaN, NaN, NaN, NaN, NaN, NaN, NaN, NaN, NaN, NaN, NaN, NaN, NaN, NaN, NaN, NaN, NaN, NaN, NaN, NaN, NaN, NaN, NaN, NaN, NaN, NaN, NaN, NaN, NaN, NaN, NaN, NaN, NaN, NaN, NaN, NaN, NaN, NaN, NaN, NaN, NaN, NaN, NaN, NaN, NaN, NaN, NaN, NaN, NaN, NaN, NaN
NaN, NaN, NaN, NaN, NaN, NaN, NaN, NaN, NaN, NaN, NaN, NaN, NaN, NaN, NaN, NaN, NaN, NaN, NaN, NaN, NaN, NaN, NaN, NaN, 1, NaN, NaN, NaN, NaN, NaN, NaN, NaN, NaN, NaN, NaN, NaN, NaN, NaN, NaN, NaN, NaN, NaN, NaN, NaN, NaN, NaN, NaN, NaN, NaN, NaN, NaN, NaN, NaN, NaN, NaN, NaN, NaN, NaN, NaN, NaN, NaN, NaN, NaN, NaN, NaN, NaN, NaN, NaN, NaN, NaN, NaN, NaN, NaN, NaN, NaN, NaN, NaN, NaN, NaN, NaN
-0.1112, -0.007, -0.1216, -0.1737, -0.0444, 0.1679, 0.0444, 0.3433, 0.0852, NaN, 0.1486, 0.2363, NaN, 0.2509, -0.206, -0.215, 0.0969, 0.0331, 0.0203, NaN, 0.3461, -0.1936, -0.0425, NaN, NaN, 1, -0.1679, 0.1895, -0.1216, 0.2328, -0.2969, -0.1679, 0.1679, -0.0478, -0.1903, -0.007, 0.0398, -0.0444, -0.1895, NaN, 0.1823, NaN, -0.215, 0.1591, -0.3069, NaN, -0.0496, -0.4706, NaN, NaN, -0.1846, 0.186, -0.1486, 0.2837, -0.0108, 0.1216, -0.1679, 0.0625, 0.1972, -0.0478, -0.4023, -0.0331, -0.0196, 0.3748, -0.0823, -0.1679, 0.1653, -0.1216, 0.0203, 0.1098, -0.0444, 0.2816, -0.186, -0.0398, 0.2034, 0.0331, -0.1585, -0.2363, NaN, 0.2918
-0.098, -0.0576, 0.0204, 0.0292, 0.0361, 0.0204, -0.0361, -0.0576, 0.1118, NaN, -0.0476, -0.098, NaN, -0.0421, 0.1905, 0.0361, -0.1679, 0.0292, -0.0714, NaN, -0.1266, 0.0803, 0.0847, NaN, NaN, -0.1679, 1, -0.0528, 0.0204, 0.0759, -0.0361, -0.0204, 0.0204, -0.0421, -0.1319, -0.0576, -0.0623, 0.0361, 0.0528, NaN, 0.0714, NaN, 0.0361, 0.1025, -0.1266, NaN, 0.175, -0.0803, NaN, NaN, -0.0528, -0.2542, 0.0476, -0.0476, -0.0891, -0.0204, -0.0204, -0.098, 0.0421, 0.4845, 0.3273, -0.0292, -0.1612, -0.1905, -0.3049, -0.0204, -0.1118, 0.0714, -0.0714, -0.0576, 0.0361, -0.2291, 0.2542, -0.3273, -0.0935, 0.0292, 0.0759, 0.098, NaN, 0.0623
0.1425, -0.149, 0.0528, -0.2387, 0.0933, 0.0528, 0.1659, -0.149, 0.2891, NaN, 0.2872, 0.2744, NaN, 0.3448, -0.1487, -0.425, -0.3093, 0.0754, -0.0308, NaN, 0.2926, -0.513, -0.202, NaN, NaN, 0.1895, -0.0528, 1, 0.0528, 0.0475, -0.0933, -0.0528, 0.0528, -0.1089, -0.2173, 0.0284, -0.1612, 0.0933, -0.053, NaN, 0.1846, NaN, -0.1659, -0.1247, -0.0794, NaN, -0.1759, -0.2075, NaN, NaN, 0.2424, -0.0807, 0.1231, -0.1231, -0.2303, -0.0528, 0.3869, 0.0106, 0.1089, 0.118, -0.1612, -0.0754, -0.0446, 0.0205, 0.173, -0.0528, 0.0913, -0.1231, 0.1231, 0.2058, 0.0933, 0.0932, -0.2075, -0.0067, 0.4298, 0.0754, -0.101, -0.2744, NaN, 0.1612
0.098, 0.0576, -0.0204, -0.0292, -0.0361, -0.0204, 0.0361, 0.0576, -0.1118, NaN, 0.0476, 0.098, NaN, 0.0421, 0.1071, -0.0361, -0.1216, -0.0292, -0.2857, NaN, 0.1266, -0.0803, -0.0847, NaN, NaN, -0.1216, 0.0204, 0.0528, 1, -0.0759, 0.0361, 0.0204, -0.0204, 0.0421, 0.1319, 0.0576, 0.0623, -0.0361, -0.0528, NaN, -0.0714, NaN, -0.0361, -0.1025, 0.1266, NaN, -0.175, 0.0803, NaN, NaN, 0.0528, 0.2542, -0.0476, 0.0476, -0.2291, 0.0204, 0.0204, 0.098, -0.0421, 0.0421, 0.0623, -0.6999, 0.1612, -0.1071, -0.0669, 0.0204, 0.1118, -0.0714, 0.0714, 0.0576, -0.0361, -0.0891, -0.2542, -0.0623, 0.0935, -0.0292, -0.0759, -0.098, NaN, -0.0623
-0.5672, 0.2143, -0.0759, 0.138, 0.0691, 0.269, 0.1342, 0.0751, 0.4794, NaN, 0.0161, 0.3643, NaN, 0.1566, -0.3058, -0.1342, 0.135, 0.138, 0.2655, NaN, 0.3735, 0.0407, -0.2047, NaN, NaN, 0.2328, 0.0759, 0.0475, -0.0759, 1, -0.4757, 0.0759, -0.0759, 0.1566, -0.3817, 0.0751, -0.1633, 0.2724, -0.0475, NaN, 0.338, NaN, 0.2724, -0.2793, -0.2101, NaN, -0.4533, -0.2668, NaN, NaN, -0.101, 0.3798, -0.177, 0.177, 0.2237, 0.0759, 0.0759, 0.2608, -0.1566, -0.0214, -0.6901, 0.1084, -0.2762, 0.5069, 0.0025, 0.0759, -0.0816, -0.2655, 0.0241, 0.2143, 0.0691, 0.529, 0.0724, 0.1633, -0.0737, 0.138, -0.2821, -0.3643, NaN, 0.295
0.1878, -0.1019, 0.0361, 0.0516, 0.0638, 0.0361, -0.0638, -0.1019, -0.1492, NaN, -0.0842, -0.1733, NaN, -0.0745, 0.1614, 0.0638, -0.2969, 0.0516, -0.1263, NaN, -0.2239, 0.142, -0.0422, NaN, NaN, -0.2969, -0.0361, -0.0933, 0.0361, -0.4757, 1, -0.0361, 0.0361, -0.0745, 0.2737, 0.1408, 0.1195, 0.0638, 0.0933, NaN, -0.2948, NaN, 0.0638, 0.1813, 0.1154, NaN, 0.3094, 0.4496, NaN, NaN, -0.0933, -0.2524, 0.0842, -0.0842, -0.1576, -0.0361, -0.0361, -0.1733, 0.0745, -0.0745, 0.5789, -0.0516, 0.2239, -0.1614, 0.1184, -0.0361, -0.1978, 0.1263, 0.0842, -0.1019, -0.2908, -0.4051, -0.142, 0.1103, -0.1654, -0.3782, 0.1342, 0.1733, NaN, -0.5789
-0.098, 0.3541, 0.0204, 0.0292, 0.0361, 0.0204, -0.0361, -0.0576, 0.1118, NaN, -0.0476, 0.2082, NaN, -0.0421, -0.1071, 0.0361, 0.1216, 0.0292, -0.0714, NaN, -0.1266, 0.0803, 0.0847, NaN, NaN, -0.1679, -0.0204, -0.0528, 0.0204, 0.0759, -0.0361, 1, 0.0204, 0.4845, 0.1548, -0.0576, -0.0623, 0.0361, 0.0528, NaN, 0.0714, NaN, 0.0361, 0.1025, -0.1266, NaN, -0.1166, -0.0803, NaN, NaN, -0.0528, 0.0803, 0.0476, -0.0476, 0.2291, -0.0204, -0.0204, 0.2082, 0.0421, -0.0421, -0.0623, -0.0292, -0.1612, 0.1071, 0.0669, -0.0204, -0.1118, 0.0714, -0.0714, -0.0576, 0.0361, 0.0891, -0.0803, 0.0623, -0.0935, 0.0292, 0.0759, 0.098, NaN, 0.0623
0.098, 0.0576, -0.0204, -0.0292, -0.0361, -0.0204, 0.0361, 0.0576, -0.1118, NaN, 0.0476, 0.098, NaN, 0.0421, 0.1071, -0.0361, -0.1216, -0.0292, -0.2857, NaN, 0.1266, -0.0803, 0.241, NaN, NaN, 0.1679, 0.0204, 0.0528, -0.0204, -0.0759, 0.0361, 0.0204, 1, 0.0421, 0.1319, -0.3541, 0.0623, -0.0361, -0.0528, NaN, -0.0714, NaN, -0.0361, -0.1025, -0.1612, NaN, -0.175, 0.0803, NaN, NaN, -0.3869, -0.0803, -0.0476, 0.0476, 0.0891, 0.0204, 0.0204, 0.098, -0.0421, 0.0421, 0.0623, 0.0292, -0.1266, -0.1071, -0.0669, 0.0204, 0.1118, -0.0714, 0.0714, 0.0576, -0.0361, -0.0891, -0.2542, -0.0623, 0.0935, -0.0292, 0.269, -0.098, NaN, -0.0623
-0.2023, 0.0935, 0.0421, 0.0602, -0.2359, 0.0421, -0.0745, -0.119, 0.2309, NaN, 0.1474, 0.2718, NaN, -0.087, -0.0676, 0.0745, -0.1972, 0.0602, -0.1474, NaN, -0.1129, -0.1795, -0.1613, NaN, NaN, -0.0478, -0.0421, -0.1089, 0.0421, 0.1566, -0.0745, 0.4845, 0.0421, 1, 0.0237, -0.119, 0.2735, 0.0745, -0.118, NaN, 0.1474, NaN, -0.2359, -0.0996, -0.2614, NaN, -0.0903, -0.1657, NaN, NaN, -0.1089, 0.1657, 0.0983, -0.0983, -0.0197, -0.0421, -0.0421, 0.4299, 0.087, 0.1848, -0.1287, -0.0602, -0.1842, 0.2212, 0.1382, -0.0421, -0.079, 0.1474, 0.0369, -0.119, 0.0745, 0.0197, -0.1657, 0.1287, -0.0322, 0.0602, -0.3773, -0.2718, NaN, 0.1287
0.2271, 0.0902, -0.1548, -0.0164, 0.0642, -0.1548, -0.0642, -0.1411, -0.1868, NaN, -0.1739, -0.031, NaN, -0.1242, 0.3946, 0.0642, -0.0276, -0.0164, -0.1605, NaN, -0.4139, 0.3307, 0.2726, NaN, NaN, -0.1903, -0.1319, -0.2173, 0.1319, -0.3817, 0.2737, 0.1548, 0.1319, 0.0237, 1, -0.0254, -0.1839, -0.2737, -0.0296, NaN, -0.3411, NaN, -0.1048, 0.1542, 0.3137, NaN, -0.0983, 0.327, NaN, NaN, -0.0939, -0.1391, 0.1739, -0.0401, -0.4862, -0.1319, -0.1319, -0.117, -0.0237, -0.1242, 0.1445, 0.0164, 0.3331, -0.4782, 0.1191, -0.1319, -0.2265, 0.2608, -0.0602, -0.3724, -0.2737, -0.2288, -0.4247, 0.1839, -0.1664, -0.2212, 0.1996, 0.4611, NaN, -0.3634
-0.1532, -0.1628, 0.0576, -0.2118, 0.1019, 0.0576, -0.1019, 0.0033, 0.1971, NaN, 0.0576, 0.0939, NaN, 0.0935, -0.3026, -0.1408, 0.1098, 0.0824, 0.0865, NaN, -0.0093, -0.0432, -0.0237, NaN, NaN, -0.007, -0.0576, 0.0284, 0.0576, 0.0751, 0.1408, -0.0576, -0.3541, -0.119, -0.0254, 1, -0.1761, -0.1408, 0.149, NaN, 0.2017, NaN, 0.1019, 0.1679, -0.0093, NaN, 0.0235, -0.0918, NaN, NaN, 0.0284, 0.2267, -0.0576, 0.0576, -0.1232, -0.0576, -0.0576, 0.0939, 0.119, -0.119, -0.0189, -0.0824, 0.0093, 0.1825, 0.039, -0.0576, -0.1971, 0.0576, 0.2306, 0.0033, -0.3835, 0.1232, -0.0918, 0.0189, -0.1384, 0.0824, -0.064, 0.0297, NaN, 0.0189
0.0515, 0.1384, 0.0623, 0.0891, -0.3492, 0.0623, -0.1103, 0.1384, -0.3327, NaN, 0.0364, -0.1824, NaN, 0.0724, 0.1273, 0.1103, -0.4023, 0.0891, -0.2182, NaN, 0.0528, -0.2657, 0.1343, NaN, NaN, 0.0398, -0.0623, -0.1612, 0.0623, -0.1633, 0.1195, -0.0623, 0.0623, 0.2735, -0.1839, -0.1761, 1, 0.1103, -0.0067, NaN, -0.1909, NaN, -0.1195, -0.2626, -0.1671, NaN, 0.0891, 0.0102, NaN, NaN, -0.1612, -0.138, -0.0364, -0.1455, 0.2138, -0.0623, -0.0623, 0.2854, 0.1287, 0.0724, 0.256, -0.0891, -0.1627, -0.0136, -0.0795, -0.0623, 0.1079, 0.0818, -0.0818, -0.1761, 0.1103, -0.3353, 0.0102, 0.0417, 0.3095, -0.1893, -0.0316, -0.2854, NaN, -0.1071
-0.0072, 0.1019, -0.0361, -0.0516, -0.0638, -0.0361, 0.0638, -0.1408, 0.1492, NaN, 0.0842, 0.1733, NaN, 0.0745, -0.1614, -0.0638, -0.215, -0.0516, -0.0842, NaN, 0.2239, -0.142, -0.1498, NaN, NaN, -0.0444, 0.0361, 0.0933, -0.0361, 0.2724, 0.0638, 0.0361, -0.0361, 0.0745, -0.2737, -0.1408, 0.1103, 1, -0.0933, NaN, 0.0842, NaN, 0.2908, -0.0036, -0.1154, NaN, 0.0344, 0.142, NaN, NaN, -0.1659, -0.142, -0.0842, 0.0842, 0.1576, 0.0361, 0.0361, -0.0072, -0.0745, 0.0745, 0.1103, 0.0516, 0.1154, 0.3369, 0.1008, 0.0361, -0.1492, -0.1263, 0.1263, 0.1019, -0.0638, -0.1576, 0.142, 0.1195, -0.0184, -0.0516, -0.1342, -0.1733, NaN, 0.1195
-0.1425, 0.149, 0.3869, -0.0754, 0.1659, -0.0528, -0.1659, 0.149, -0.1623, NaN, 0.1231, -0.2744, NaN, 0.1089, 0.1487, -0.0933, 0.1846, -0.0754, 0.1846, NaN, -0.0446, 0.2248, 0.4827, NaN, NaN, -0.1895, 0.0528, -0.053, -0.0528, -0.0475, 0.0933, 0.0528, -0.0528, -0.118, -0.0296, 0.149, -0.0067, -0.0933, 1, NaN, -0.1846, NaN, -0.0933, 0.2546, 0.2033, NaN, 0.1759, 0.2075, NaN, NaN, 0.1364, -0.0634, -0.1231, 0.1231, 0.2303, 0.0528, 0.0528, -0.2744, -0.1089, 0.1089, -0.0067, 0.0754, -0.2033, -0.1487, -0.0128, 0.0528, -0.2181, 0.1231, -0.1231, -0.3831, -0.0933, -0.0932, -0.0807, -0.1612, -0.0269, -0.0754, 0.2496, 0.1425, NaN, -0.1612
NaN, NaN, NaN, NaN, NaN, NaN, NaN, NaN, NaN, NaN, NaN, NaN, NaN, NaN, NaN, NaN, NaN, NaN, NaN, NaN, NaN, NaN, NaN, NaN, NaN, NaN, NaN, NaN, NaN, NaN, NaN, NaN, NaN, NaN, NaN, NaN, NaN, NaN, NaN, 1, NaN, NaN, NaN, NaN, NaN, NaN, NaN, NaN, NaN, NaN, NaN, NaN, NaN, NaN, NaN, NaN, NaN, NaN, NaN, NaN, NaN, NaN, NaN, NaN, NaN, NaN, NaN, NaN, NaN, NaN, NaN, NaN, NaN, NaN, NaN, NaN, NaN, NaN, NaN, NaN
-0.1929, -0.2306, -0.0714, -0.1021, -0.1263, 0.2857, 0.1263, -0.2306, 0.5357, NaN, 0.1667, 0.2358, NaN, -0.0369, -0.3542, -0.1263, 0.2837, 0.1531, 0.25, NaN, 0.2417, -0.1639, -0.1824, NaN, NaN, 0.1823, 0.0714, 0.1846, -0.0714, 0.338, -0.2948, 0.0714, -0.0714, 0.1474, -0.3411, 0.2017, -0.1909, 0.0842, -0.1846, NaN, 1, NaN, -0.1263, -0.1478, -0.2619, NaN, 0.1021, -0.3044, NaN, NaN, 0.1846, 0.3044, -0.1667, 0.1667, 0.0891, 0.0714, 0.0714, -0.0857, -0.1474, 0.1474, -0.1909, 0.1021, 0.0604, 0.3542, -0.1041, 0.0714, 0.0824, -0.125, 0.125, 0.2017, -0.1263, 0.1336, 0.281, -0.0818, 0.1091, 0.1531, -0.2655, -0.0214, NaN, 0.0546
NaN, NaN, NaN, NaN, NaN, NaN, NaN, NaN, NaN, NaN, NaN, NaN, NaN, NaN, NaN, NaN, NaN, NaN, NaN, NaN, NaN, NaN, NaN, NaN, NaN, NaN, NaN, NaN, NaN, NaN, NaN, NaN, NaN, NaN, NaN, NaN, NaN, NaN, NaN, NaN, NaN, 1, NaN, NaN, NaN, NaN, NaN, NaN, NaN, NaN, NaN, NaN, NaN, NaN, NaN, NaN, NaN, NaN, NaN, NaN, NaN, NaN, NaN, NaN, NaN, NaN, NaN, NaN, NaN, NaN, NaN, NaN, NaN, NaN, NaN, NaN, NaN, NaN, NaN, NaN
-0.1878, 0.1019, -0.0361, 0.3782, 0.2908, -0.0361, 0.0638, 0.1019, -0.0243, NaN, 0.0842, -0.0072, NaN, 0.0745, -0.3369, -0.0638, 0.1263, -0.0516, 0.1263, NaN, 0.0543, 0.0552, 0.0422, NaN, NaN, -0.215, 0.0361, -0.1659, -0.0361, 0.2724, 0.0638, 0.0361, -0.0361, -0.2359, -0.1048, 0.1019, -0.1195, 0.2908, -0.0933, NaN, -0.1263, NaN, 1, -0.0036, 0.0543, NaN, -0.3094, 0.142, NaN, NaN, -0.425, 0.0552, -0.0842, 0.0842, 0.1576, 0.0361, 0.0361, -0.0072, -0.0745, -0.5463, 0.1103, 0.0516, -0.0543, 0.1614, -0.1184, 0.0361, -0.1492, -0.1263, -0.0842, 0.1019, -0.0638, 0.2176, 0.142, 0.1195, -0.3859, -0.0516, 0.0691, 0.0072, NaN, 0.1195
0.0398, -0.0754, 0.199, -0.1465, 0.1742, -0.1025, -0.1742, 0.0462, -0.04, NaN, 0.2392, -0.0507, NaN, 0.056, 0.0985, -0.1813, 0.0736, -0.1465, 0.0422, NaN, -0.2994, 0.0909, 0.3446, NaN, NaN, 0.1591, 0.1025, -0.1247, -0.1025, -0.2793, 0.1813, 0.1025, -0.1025, -0.0996, 0.1542, 0.1679, -0.2626, -0.0036, 0.2546, NaN, -0.1478, NaN, -0.0036, 1, 0.1259, NaN, 0.2413, 0.1068, NaN, NaN, 0.0052, -0.3045, -0.0985, 0.0985, -0.1166, 0.1025, -0.199, -0.3222, 0.2552, -0.0996, 0.1981, -0.0689, 0.0442, -0.0985, -0.0066, 0.1025, -0.3079, 0.1689, -0.1689, -0.1971, -0.1813, -0.0715, 0.0079, -0.0829, -0.2672, -0.1465, 0.1284, 0.3222, NaN, 0.0322
0.2557, -0.0093, -0.1612, 0.1809, 0.2239, -0.1612, 0.1154, -0.1254, -0.1361, NaN, 0.1074, -0.1762, NaN, 0.0356, 0.1746, -0.1154, 0.1829, -0.0247, 0.0604, NaN, -0.0552, 0.0264, -0.0257, NaN, NaN, -0.3069, -0.1266, -0.0794, 0.1266, -0.2101, 0.1154, -0.1266, -0.1612, -0.2614, 0.3137, -0.0093, -0.1671, -0.1154, 0.2033, NaN, -0.2619, NaN, 0.0543, 0.1259, 1, NaN, -0.148, 0.3509, NaN, NaN, 0.0446, -0.1623, 0.0269, -0.0269, -0.2836, -0.1266, -0.1266, -0.2626, -0.0356, -0.2614, 0.1627, 0.0247, 0.2987, -0.3425, 0.2056, 0.1612, -0.2789, 0.2417, -0.2417, -0.2415, 0.2239, -0.0754, -0.0264, 0.1671, -0.1407, -0.0247, 0.0817, 0.2626, NaN, -0.2726
NaN, NaN, NaN, NaN, NaN, NaN, NaN, NaN, NaN, NaN, NaN, NaN, NaN, NaN, NaN, NaN, NaN, NaN, NaN, NaN, NaN, NaN, NaN, NaN, NaN, NaN, NaN, NaN, NaN, NaN, NaN, NaN, NaN, NaN, NaN, NaN, NaN, NaN, NaN, NaN, NaN, NaN, NaN, NaN, NaN, 1, NaN, NaN, NaN, NaN, NaN, NaN, NaN, NaN, NaN, NaN, NaN, NaN, NaN, NaN, NaN, NaN, NaN, NaN, NaN, NaN, NaN, NaN, NaN, NaN, NaN, NaN, NaN, NaN, NaN, NaN, NaN, NaN, NaN, NaN
0.14, -0.2118, 0.1166, -0.25, -0.1375, -0.175, -0.2063, -0.0941, -0.286, NaN, -0.1361, -0.4726, NaN, -0.2408, 0.2381, 0.2063, 0.0331, -0.0417, 0.1021, NaN, -0.3125, 0.1721, 0.2048, NaN, NaN, -0.0496, 0.175, -0.1759, -0.175, -0.4533, 0.3094, -0.1166, -0.175, -0.0903, -0.0983, 0.0235, 0.0891, 0.0344, 0.1759, NaN, 0.1021, NaN, -0.3094, 0.2413, -0.148, NaN, 1, 0.1147, NaN, NaN, 0.0754, -0.3059, 0, 0.1361, 0.1273, 0.175, -0.1166, -0.4726, -0.0602, 0.2107, 0.5345, 0.0417, 0.2303, -0.068, -0.1488, -0.1166, 0.0336, 0.2041, -0.2041, -0.2118, 0.0344, -0.491, 0.2103, -0.3118, -0.0891, -0.0417, 0.2365, 0.21, NaN, -0.0891
0.1165, -0.0918, 0.0803, 0.1147, 0.142, -0.2542, 0.0552, -0.0918, -0.2354, NaN, -0.0312, -0.2851, NaN, -0.1657, 0.5541, 0.142, -0.186, -0.1243, -0.281, NaN, -0.1208, 0.3158, 0.2263, NaN, NaN, -0.4706, -0.0803, -0.2075, 0.0803, -0.2668, 0.4496, -0.0803, 0.0803, -0.1657, 0.327, -0.0918, 0.0102, 0.142, 0.2075, NaN, -0.3044, NaN, 0.142, 0.1068, 0.3509, NaN, 0.1147, 1, NaN, NaN, -0.2075, -0.3421, -0.1249, -0.0312, -0.2461, 0.2542, -0.0803, -0.2851, -0.3521, -0.1657, 0.3934, 0.1243, 0.2151, -0.4566, 0.0195, -0.0803, -0.247, 0.1639, -0.1639, -0.2267, -0.0552, -0.3796, -0.0965, 0.2453, -0.1635, -0.1243, 0.2984, 0.1847, NaN, -0.6489
NaN, NaN, NaN, NaN, NaN, NaN, NaN, NaN, NaN, NaN, NaN, NaN, NaN, NaN, NaN, NaN, NaN, NaN, NaN, NaN, NaN, NaN, NaN, NaN, NaN, NaN, NaN, NaN, NaN, NaN, NaN, NaN, NaN, NaN, NaN, NaN, NaN, NaN, NaN, NaN, NaN, NaN, NaN, NaN, NaN, NaN, NaN, NaN, 1, NaN, NaN, NaN, NaN, NaN, NaN, NaN, NaN, NaN, NaN, NaN, NaN, NaN, NaN, NaN, NaN, NaN, NaN, NaN, NaN, NaN, NaN, NaN, NaN, NaN, NaN, NaN, NaN, NaN, NaN, NaN
NaN, NaN, NaN, NaN, NaN, NaN, NaN, NaN, NaN, NaN, NaN, NaN, NaN, NaN, NaN, NaN, NaN, NaN, NaN, NaN, NaN, NaN, NaN, NaN, NaN, NaN, NaN, NaN, NaN, NaN, NaN, NaN, NaN, NaN, NaN, NaN, NaN, NaN, NaN, NaN, NaN, NaN, NaN, NaN, NaN, NaN, NaN, NaN, NaN, 1, NaN, NaN, NaN, NaN, NaN, NaN, NaN, NaN, NaN, NaN, NaN, NaN, NaN, NaN, NaN, NaN, NaN, NaN, NaN, NaN, NaN, NaN, NaN, NaN, NaN, NaN, NaN, NaN, NaN, NaN
0.1425, 0.0284, 0.0528, -0.2387, -0.1659, 0.0528, -0.0933, -0.149, 0.1623, NaN, -0.1231, 0.0106, NaN, -0.1089, -0.0205, 0.0933, 0.0648, 0.0754, 0.277, NaN, -0.0794, 0.0634, -0.202, NaN, NaN, -0.1846, -0.0528, 0.2424, 0.0528, -0.101, -0.0933, -0.0528, -0.3869, -0.1089, -0.0939, 0.0284, -0.1612, -0.1659, 0.1364, NaN, 0.1846, NaN, -0.425, 0.0052, 0.0446, NaN, 0.0754, -0.2075, NaN, NaN, 1, 0.0634, 0.1231, -0.1231, 0.0439, -0.0528, 0.3869, -0.1214, 0.1089, 0.3448, -0.1612, -0.0754, -0.0446, -0.1077, 0.173, 0.3869, 0.0913, -0.1231, 0.1231, 0.2058, 0.0933, 0.0932, 0.2248, -0.0067, 0.2955, 0.0754, -0.101, 0.2533, NaN, -0.0067
-0.3172, 0.2267, -0.0803, 0.1243, 0.0552, 0.2542, 0.142, 0.2267, 0.3319, NaN, -0.1249, 0.1847, NaN, -0.0069, -0.4566, 0.0552, 0.3757, -0.1147, 0.0468, NaN, 0.4038, -0.0965, -0.2263, NaN, NaN, 0.186, -0.2542, -0.0807, 0.2542, 0.3798, -0.2524, 0.0803, -0.0803, 0.1657, -0.1391, 0.2267, -0.138, -0.142, -0.0634, NaN, 0.3044, NaN, 0.0552, -0.3045, -0.1623, NaN, -0.3059, -0.3421, NaN, NaN, 0.0634, 1, -0.0312, 0.1873, 0.1418, 0.0803, 0.0803, 0.1847, -0.1657, -0.1795, -0.5212, -0.1243, -0.0264, 0.4566, -0.0195, 0.0803, 0.1505, -0.0468, 0.281, 0.2267, -0.142, 0.5882, -0.1228, 0.0102, -0.1431, 0.1243, -0.2984, -0.0843, NaN, 0.138
0.2287, 0.1345, -0.0476, 0.2722, -0.0842, -0.0476, 0.0842, -0.634, 0.2884, NaN, 0.1111, 0.0857, NaN, 0.0983, -0.0278, -0.0842, -0.1486, -0.068, 0.1667, NaN, -0.1074, -0.1873, -0.0456, NaN, NaN, -0.1486, 0.0476, 0.1231, -0.0476, -0.177, 0.0842, 0.0476, -0.0476, 0.0983, 0.1739, -0.0576, -0.0364, -0.0842, -0.1231, NaN, -0.1667, NaN, -0.0842, -0.0985, 0.0269, NaN, 0, -0.1249, NaN, NaN, 0.1231, -0.0312, 1, -0.7778, -0.386, 0.0476, 0.0476, 0.0857, -0.0983, 0.0983, 0.1455, 0.068, -0.1612, 0.0278, 0.5379, 0.0476, -0.2884, 0, 0.1667, -0.0576, -0.0842, -0.0594, 0.0312, 0.4001, 0.0727, -0.068, -0.0161, 0.343, NaN, 0.2182
-0.2287, 0.0576, 0.0476, -0.2722, 0.0842, 0.0476, -0.0842, 0.634, -0.2884, NaN, -0.1111, -0.0857, NaN, -0.0983, -0.1111, 0.0842, 0.2837, 0.068, 0, NaN, 0.1074, 0.1873, 0.0456, NaN, NaN, 0.2837, -0.0476, -0.1231, 0.0476, 0.177, -0.0842, -0.0476, 0.0476, -0.0983, -0.0401, 0.0576, -0.1455, 0.0842, 0.1231, NaN, 0.1667, NaN, 0.0842, 0.0985, -0.0269, NaN, 0.1361, -0.0312, NaN, NaN, -0.1231, 0.1873, -0.7778, 1, 0.2376, -0.0476, -0.0476, -0.2287, 0.0983, -0.0983, -0.1455, -0.068, 0.2955, 0.1111, -0.5379, -0.0476, 0.2884, 0.1667, -0.1667, 0.0576, 0.0842, 0.0594, -0.1873, -0.4001, -0.2182, 0.068, 0.0161, -0.2001, NaN, -0.0364
-0.3323, 0.2619, 0.0891, -0.1, -0.03, 0.0891, -0.1576, 0.3903, -0.1542, NaN, -0.2079, -0.2368, NaN, -0.0197, -0.2821, 0.1576, 0.2599, 0.1273, 0.245, NaN, 0.0754, 0.2461, 0.1665, NaN, NaN, -0.0108, -0.0891, -0.2303, -0.2291, 0.2237, -0.1576, 0.2291, 0.0891, -0.0197, -0.4862, -0.1232, 0.2138, 0.1576, 0.2303, NaN, 0.0891, NaN, 0.1576, -0.1166, -0.2836, NaN, 0.1273, -0.2461, NaN, NaN, 0.0439, 0.1418, -0.386, 0.2376, 1, -0.0891, -0.0891, -0.0458, 0.0197, -0.0197, -0.1507, 0.1, -0.2548, 0.3749, -0.1716, 0.2291, 0.2459, -0.1336, -0.2004, 0.0051, 0.1576, 0.1905, 0.3796, -0.3353, -0.0194, 0.1273, 0.2237, -0.2406, NaN, 0.1507
-0.098, -0.0576, 0.0204, 0.0292, 0.0361, 0.0204, -0.0361, -0.0576, 0.1118, NaN, -0.0476, -0.098, NaN, -0.0421, 0.1905, 0.0361, 0.1216, -0.6999, -0.0714, NaN, 0.1612, 0.0803, 0.0847, NaN, NaN, 0.1216, -0.0204, -0.0528, 0.0204, 0.0759, -0.0361, -0.0204, 0.0204, -0.0421, -0.1319, -0.0576, -0.0623, 0.0361, 0.0528, NaN, 0.0714, NaN, 0.0361, 0.1025, -0.1266, NaN, 0.175, 0.2542, NaN, NaN, -0.0528, 0.0803, 0.0476, -0.0476, -0.0891, 1, -0.0204, -0.098, -0.4845, -0.0421, -0.0623, -0.0292, 0.1266, 0.1071, 0.0669, -0.0204, -0.1118, 0.0714, -0.0714, -0.0576, 0.0361, 0.0891, -0.0803, 0.0623, -0.0935, 0.0292, 0.0759, 0.098, NaN, 0.0623
0.2082, -0.0576, 0.0204, 0.0292, 0.0361, 0.0204, -0.0361, -0.0576, 0.1118, NaN, -0.0476, 0.2082, NaN, -0.0421, -0.1071, 0.0361, -0.1679, 0.0292, -0.0714, NaN, 0.1612, -0.2542, -0.241, NaN, NaN, -0.1679, -0.0204, 0.3869, 0.0204, 0.0759, -0.0361, -0.0204, 0.0204, -0.0421, -0.1319, -0.0576, -0.0623, 0.0361, 0.0528, NaN, 0.0714, NaN, 0.0361, -0.199, -0.1266, NaN, -0.1166, -0.0803, NaN, NaN, 0.3869, 0.0803, 0.0476, -0.0476, -0.0891, -0.0204, 1, 0.2082, 0.0421, -0.0421, -0.0623, -0.0292, -0.1612, -0.1905, 0.0669, -0.0204, 0.1825, -0.2857, 0.2857, 0.3541, 0.0361, 0.0891, -0.0803, 0.0623, 0.2182, 0.0292, -0.269, 0.098, NaN, 0.0623
0.0809, 0.0939, 0.098, 0.14, -0.0072, 0.098, 0.0072, -0.0297, 0.0954, NaN, -0.0857, 0.4485, NaN, -0.0443, -0.2465, 0.1733, -0.1981, -0.0788, -0.2358, NaN, 0.0829, -0.3172, -0.2776, NaN, NaN, 0.0625, -0.098, 0.0106, 0.098, 0.2608, -0.1733, 0.2082, 0.098, 0.4299, -0.117, 0.0939, 0.2854, -0.0072, -0.2744, NaN, -0.0857, NaN, -0.0072, -0.3222, -0.2626, NaN, -0.4726, -0.2851, NaN, NaN, -0.1214, 0.1847, 0.0857, -0.2287, -0.0458, -0.098, 0.2082, 1, 0.2023, -0.0443, -0.2994, -0.14, -0.342, 0.0679, 0.0982, -0.098, 0.1696, -0.3001, 0.4073, 0.341, -0.0072, 0.2368, -0.1847, 0.2994, 0.0187, 0.14, -0.3602, -0.2647, NaN, 0.1824
0.0443, 0.119, -0.0421, -0.0602, -0.0745, -0.0421, -0.2359, 0.119, -0.079, NaN, 0.0983, 0.2023, NaN, 0.087, -0.3932, -0.0745, -0.2509, 0.316, 0.1474, NaN, -0.1842, -0.1657, -0.1748, NaN, NaN, 0.1972, 0.0421, 0.1089, -0.0421, -0.1566, 0.0745, 0.0421, -0.0421, 0.087, -0.0237, 0.119, 0.1287, -0.0745, -0.1089, NaN, -0.1474, NaN, -0.0745, 0.2552, -0.0356, NaN, -0.0602, -0.3521, NaN, NaN, 0.1089, -0.1657, -0.0983, 0.0983, 0.0197, -0.4845, 0.0421, 0.2023, 1, 0.087, 0.1287, -0.316, -0.2614, 0.086, -0.1382, 0.0421, 0.079, -0.1474, 0.1474, 0.119, -0.0745, -0.1839, 0.1657, 0.0724, 0.193, -0.0602, -0.1566, -0.0443, NaN, 0.2735
-0.0443, -0.119, 0.0421, -0.316, -0.5463, 0.0421, -0.0745, -0.119, 0.2309, NaN, -0.0983, 0.1138, NaN, -0.087, 0.2396, 0.0745, -0.1972, 0.0602, 0.0369, NaN, 0.0356, -0.0069, -0.1613, NaN, NaN, -0.0478, 0.4845, 0.118, 0.0421, -0.0214, -0.0745, -0.0421, 0.0421, 0.1848, -0.1242, -0.119, 0.0724, 0.0745, 0.1089, NaN, 0.1474, NaN, -0.5463, -0.0996, -0.2614, NaN, 0.2107, -0.1657, NaN, NaN, 0.3448, -0.1795, 0.0983, -0.0983, -0.0197, -0.0421, -0.0421, -0.0443, 0.087, 1, 0.0724, -0.0602, -0.1842, -0.086, -0.0537, -0.0421, -0.079, -0.0369, 0.2212, 0.0935, 0.0745, -0.3087, 0.1795, -0.2735, 0.2896, 0.0602, -0.0214, 0.0443, NaN, 0.1287
0.4023, -0.1761, 0.0623, 0.0891, -0.1195, -0.3273, -0.1103, -0.1761, -0.3327, NaN, 0.0364, -0.2994, NaN, -0.1287, 0.2409, 0.1103, -0.2918, 0.0891, -0.2182, NaN, -0.277, -0.0102, 0.1343, NaN, NaN, -0.4023, 0.3273, -0.1612, 0.0623, -0.6901, 0.5789, -0.0623, 0.0623, -0.1287, 0.1445, -0.0189, 0.256, 0.1103, -0.0067, NaN, -0.1909, NaN, 0.1103, 0.1981, 0.1627, NaN, 0.5345, 0.3934, NaN, NaN, -0.1612, -0.5212, 0.1455, -0.1455, -0.1507, -0.0623, -0.0623, -0.2994, 0.1287, 0.0724, 1, -0.0891, 0.1671, -0.3546, -0.0795, -0.0623, -0.1169, 0.2182, -0.0818, -0.1761, -0.1195, -0.6999, 0.138, -0.1071, -0.0476, -0.1893, 0.2318, 0.2994, NaN, -0.256
0.0788, -0.0824, 0.0292, 0.0417, 0.0516, 0.0292, 0.3782, -0.0824, 0.1598, NaN, -0.068, -0.14, NaN, -0.0602, 0.0595, 0.0516, 0.1737, 0.0417, 0.1531, NaN, 0.0247, 0.1147, 0.121, NaN, NaN, -0.0331, -0.0292, -0.0754, -0.6999, 0.1084, -0.0516, -0.0292, 0.0292, -0.0602, 0.0164, -0.0824, -0.0891, 0.0516, 0.0754, NaN, 0.1021, NaN, 0.0516, -0.0689, 0.0247, NaN, 0.0417, 0.1243, NaN, NaN, -0.0754, -0.1243, 0.068, -0.068, 0.1, -0.0292, -0.0292, -0.14, -0.316, -0.0602, -0.0891, 1, -0.0247, -0.0595, 0.0956, -0.0292, -0.1598, 0.1021, -0.1021, -0.0824, 0.0516, 0.1273, 0.1243, 0.0891, -0.1336, 0.0417, 0.1084, 0.14, NaN, -0.1893
0.3489, -0.2229, -0.1266, -0.1809, 0.1154, -0.1266, -0.1154, 0.0093, -0.1959, NaN, -0.1074, -0.0829, NaN, -0.0356, 0.1612, -0.0543, -0.0196, -0.1809, -0.1612, NaN, 0.0552, 0.0679, -0.0661, NaN, NaN, -0.0196, -0.1612, -0.0446, 0.1612, -0.2762, 0.2239, -0.1612, -0.1266, -0.1842, 0.3331, 0.0093, -0.1627, 0.1154, -0.2033, NaN, 0.0604, NaN, -0.0543, 0.0442, 0.2987, NaN, 0.2303, 0.2151, NaN, NaN, -0.0446, -0.0264, -0.1612, 0.2955, -0.2548, 0.1266, -0.1612, -0.342, -0.2614, -0.1842, 0.1671, -0.0247, 1, 0.0067, 0.0042, -0.1612, 0.1129, 0.1612, 0.0403, 0.0093, -0.0543, -0.1938, -0.3509, -0.1671, -0.211, -0.1809, -0.179, -0.0035, NaN, -0.277
-0.468, 0.1825, -0.1071, 0.0595, -0.014, 0.1905, 0.014, 0.0624, 0.3571, NaN, 0.1111, 0.2465, NaN, 0.2212, -0.6528, -0.1895, 0.1216, 0.0595, 0.2708, NaN, 0.329, -0.1288, -0.2546, NaN, NaN, 0.3748, -0.1905, 0.0205, -0.1071, 0.5069, -0.1614, 0.1071, -0.1071, 0.2212, -0.4782, 0.1825, -0.0136, 0.3369, -0.1487, NaN, 0.3542, NaN, 0.1614, -0.0985, -0.3425, NaN, -0.068, -0.4566, NaN, NaN, -0.1077, 0.4566, 0.0278, 0.1111, 0.3749, 0.1071, -0.1905, 0.0679, 0.086, -0.086, -0.3546, -0.0595, 0.0067, 1, 0.0824, 0.1071, 0.0721, -0.0625, 0.1667, 0.1825, -0.1895, 0.2747, 0.1288, 0.0136, -0.0546, 0.0595, -0.2977, -0.4252, NaN, 0.4683
0.2098, 0.039, -0.0669, 0.17, -0.1184, -0.0669, -0.1008, -0.4111, 0.384, NaN, 0.1562, 0.0982, NaN, 0.1382, -0.0824, -0.1184, -0.1877, -0.0956, 0.1041, NaN, -0.0042, -0.0195, -0.159, NaN, NaN, -0.0823, -0.3049, 0.173, -0.0669, 0.0025, 0.1184, 0.0669, -0.0669, 0.1382, 0.1191, 0.039, -0.0795, 0.1008, -0.0128, NaN, -0.1041, NaN, -0.1184, -0.0066, 0.2056, NaN, -0.1488, 0.0195, NaN, NaN, 0.173, -0.0195, 0.5379, -0.5379, -0.1716, 0.0669, 0.0669, 0.0982, -0.1382, -0.0537, -0.0795, 0.0956, 0.0042, 0.0824, 1, 0.0669, -0.384, -0.1041, 0.2343, -0.111, -0.1184, 0.1716, -0.2243, 0.5055, 0.1931, -0.0956, -0.2488, 0.0134, NaN, 0.0795
-0.098, 0.3541, 0.0204, 0.0292, 0.0361, 0.0204, -0.0361, -0.0576, 0.1118, NaN, -0.0476, -0.098, NaN, -0.0421, -0.1071, 0.0361, 0.1216, 0.0292, 0.2857, NaN, -0.1266, 0.0803, 0.0847, NaN, NaN, -0.1679, -0.0204, -0.0528, 0.0204, 0.0759, -0.0361, -0.0204, 0.0204, -0.0421, -0.1319, -0.0576, -0.0623, 0.0361, 0.0528, NaN, 0.0714, NaN, 0.0361, 0.1025, 0.1612, NaN, -0.1166, -0.0803, NaN, NaN, 0.3869, 0.0803, 0.0476, -0.0476, 0.2291, -0.0204, -0.0204, -0.098, 0.0421, -0.0421, -0.0623, -0.0292, -0.1612, 0.1071, 0.0669, 1, -0.1118, 0.0714, -0.0714, -0.0576, 0.0361, 0.0891, 0.2542, 0.0623, -0.0935, 0.0292, 0.0759, 0.098, NaN, 0.0623
0.0813, 0.1591, 0.1118, -0.2607, 0.1978, 0.1118, -0.0243, 0.3966, -0.3209, NaN, 0.0137, -0.0071, NaN, 0.0729, -0.1579, 0.0243, -0.0852, 0.1598, -0.1854, NaN, 0.1361, 0.054, -0.0996, NaN, NaN, 0.1653, -0.1118, 0.0913, 0.1118, -0.0816, -0.1978, -0.1118, 0.1118, -0.079, -0.2265, -0.1971, 0.1079, -0.1492, -0.2181, NaN, 0.0824, NaN, -0.1492, -0.3079, -0.2789, NaN, 0.0336, -0.247, NaN, NaN, 0.0913, 0.1505, -0.2884, 0.2884, 0.2459, -0.1118, 0.1825, 0.1696, 0.079, -0.079, -0.1169, -0.1598, 0.1129, 0.0721, -0.384, -0.1118, 1, -0.0206, -0.0824, 0.2779, 0.1978, -0.0624, -0.054, -0.4451, 0.1169, 0.1598, -0.181, -0.3463, NaN, 0.1169
